from_stop_id,to_stop_id,transfer_type,min_transfer_time
105,197,2,157.0
105,458,2,134.3
107,1776,2,38.7
108,324,2,111.4
109,110,2,118.8
109,123,2,49.6
110,109,2,118.8
110,111,2,126.5
110,123,2,160.1
111,110,2,126.5
111,1837,2,158.8
112,1836,2,159.0
112,7016,2,81.3
112,7033,2,130.5
113,4763,2,154.0
118,119,2,156.3
118,528,2,98.8
118,7037,2,37.7
119,118,2,156.3
119,328,2,115.7
119,528,2,83.0
121,326,2,136.1
121,327,2,126.6
121,7035,2,129.7
123,109,2,49.6
123,110,2,160.1
123,324,2,139.8
125,322,2,141.5
126,127,2,143.3
126,321,2,111.8
127,126,2,143.3
127,321,2,157.1
127,1209,2,137.7
128,1940,2,16.9
130,219,2,96.3
130,227,2,121.7
130,1926,2,104.8
131,218,2,26.5
131,219,2,130.5
132,216,2,125.4
132,217,2,39.7
133,215,2,27.6
134,214,2,20.7
134,215,2,159.6
135,213,2,22.2
136,137,2,118.2
136,211,2,109.2
136,212,2,20.7
137,136,2,118.2
137,211,2,19.6
137,212,2,129.2
138,210,2,47.6
139,208,2,156.5
139,209,2,80.8
141,207,2,33.3
142,143,2,147.5
142,206,2,28.3
143,142,2,147.5
143,205,2,106.3
143,206,2,141.2
144,204,2,21.7
144,205,2,148.4
145,203,2,21.6
146,202,2,13.6
147,201,2,48.9
148,200,2,24.8
149,199,2,16.7
150,198,2,49.5
151,197,2,32.5
152,153,2,154.2
152,156,2,133.4
152,194,2,147.3
152,195,2,38.1
152,196,2,143.4
152,458,2,158.2
153,152,2,154.2
153,194,2,21.4
153,195,2,116.6
154,193,2,64.6
155,192,2,77.8
156,152,2,133.4
156,196,2,14.0
156,458,2,43.9
157,2180,2,75.6
157,4266,2,107.3
158,4264,2,129.3
158,4265,2,83.2
159,4264,2,80.1
160,4263,2,133.6
161,4261,2,21.3
163,4258,2,138.0
163,4259,2,108.5
164,4258,2,57.0
165,4257,2,72.2
166,4256,2,45.9
167,4255,2,48.6
168,4249,2,38.4
169,4253,2,40.0
170,4252,2,47.0
171,4251,2,55.8
172,504,2,115.1
172,4250,2,154.2
173,4248,2,21.0
175,262,2,43.7
178,259,2,29.6
179,258,2,61.5
180,181,2,118.8
180,257,2,24.1
181,180,2,118.8
181,257,2,137.0
182,183,2,150.9
182,254,2,123.0
182,255,2,95.2
183,182,2,150.9
183,254,2,34.2
184,185,2,161.7
184,252,2,138.8
184,253,2,39.4
185,184,2,161.7
185,251,2,152.8
185,252,2,35.6
186,251,2,114.4
187,250,2,73.3
189,248,2,35.9
190,247,2,19.9
191,246,2,16.4
192,155,2,77.8
193,154,2,64.6
194,152,2,147.3
194,153,2,21.4
194,195,2,109.2
195,152,2,38.1
195,153,2,116.6
195,194,2,109.2
196,152,2,143.4
196,156,2,14.0
196,458,2,30.7
197,105,2,157.0
197,151,2,32.5
198,150,2,49.5
199,149,2,16.7
200,148,2,24.8
201,147,2,48.9
202,146,2,13.6
203,145,2,21.6
204,144,2,21.7
205,143,2,106.3
205,144,2,148.4
206,142,2,28.3
206,143,2,141.2
207,141,2,33.3
208,139,2,156.5
209,139,2,80.8
210,138,2,47.6
211,136,2,109.2
211,137,2,19.6
211,212,2,117.7
212,136,2,20.7
212,137,2,129.2
212,211,2,117.7
213,135,2,22.2
214,134,2,20.7
215,133,2,27.6
215,134,2,159.6
216,132,2,125.4
216,217,2,158.3
217,132,2,39.7
217,216,2,158.3
218,131,2,26.5
218,219,2,145.4
219,130,2,96.3
219,131,2,130.5
219,218,2,145.4
221,222,2,131.6
222,221,2,131.6
222,7090,2,92.8
222,7095,2,135.1
223,414,2,137.7
223,415,2,140.3
223,7090,2,86.8
225,327,2,161.3
225,7013,2,84.5
225,7036,2,134.9
226,326,2,150.7
226,455,2,128.7
226,7014,2,121.3
227,130,2,121.7
227,1925,2,91.0
229,976,2,94.5
229,1058,2,101.7
229,1059,2,158.5
229,1924,2,37.2
230,231,2,124.2
230,1059,2,147.4
230,1922,2,89.2
230,1923,2,49.0
231,230,2,124.2
231,1922,2,36.5
232,1921,2,25.5
232,7018,2,149.0
232,7031,2,52.0
233,380,2,151.6
233,1919,2,63.2
233,1920,2,70.8
233,2246,2,51.3
234,1918,2,84.9
235,1917,2,52.3
236,1916,2,67.9
236,2569,2,122.5
236,2628,2,122.4
241,7003,2,102.6
241,7046,2,18.3
242,4441,2,150.8
246,191,2,16.4
247,190,2,19.9
248,189,2,35.9
249,1000,2,60.6
249,1033,2,77.5
250,187,2,73.3
251,185,2,152.8
251,186,2,114.4
252,184,2,138.8
252,185,2,35.6
253,184,2,39.4
254,182,2,123.0
254,183,2,34.2
255,182,2,95.2
257,180,2,24.1
257,181,2,137.0
258,179,2,61.5
259,178,2,29.6
260,425,2,61.2
261,262,2,155.7
262,175,2,43.7
262,261,2,155.7
264,4268,2,61.8
265,1570,2,113.2
281,413,2,124.5
281,414,2,148.4
282,7092,2,27.8
282,7093,2,85.1
284,7007,2,103.8
284,7042,2,148.1
284,9807,2,111.2
286,4019,2,139.5
287,489,2,119.7
288,290,2,16.9
288,291,2,33.0
288,307,2,27.1
288,316,2,42.0
288,7055,2,107.4
288,7076,2,33.1
290,288,2,16.9
290,291,2,24.3
290,307,2,15.1
290,316,2,28.4
290,7055,2,106.7
290,7076,2,48.0
291,288,2,33.0
291,290,2,24.3
291,307,2,37.3
291,316,2,13.9
291,7055,2,83.7
291,7076,2,50.5
297,445,2,83.2
297,446,2,145.6
297,5207,2,120.1
298,444,2,104.2
298,445,2,85.2
299,444,2,91.4
300,301,2,117.8
300,442,2,69.4
300,443,2,54.2
301,300,2,117.8
301,442,2,50.5
302,440,2,97.1
302,441,2,18.8
303,439,2,46.7
303,440,2,115.5
307,288,2,27.1
307,290,2,15.1
307,291,2,37.3
307,316,2,36.7
307,7055,2,120.8
307,7076,2,60.1
309,2635,2,161.2
309,2636,2,102.4
316,288,2,42.0
316,290,2,28.4
316,291,2,13.9
316,307,2,36.7
316,7055,2,89.4
316,7076,2,63.9
318,319,2,25.9
318,323,2,51.2
318,336,2,36.2
318,2764,2,105.5
318,7062,2,131.8
318,7069,2,68.4
319,318,2,25.9
319,323,2,37.0
319,336,2,46.1
319,2764,2,79.8
319,7062,2,110.5
319,7069,2,46.7
321,126,2,111.8
321,127,2,157.1
322,125,2,141.5
323,318,2,51.2
323,319,2,37.0
323,336,2,40.0
323,2764,2,71.9
323,7062,2,128.6
323,7069,2,24.5
324,108,2,111.4
324,123,2,139.8
324,325,2,147.1
324,1838,2,154.1
325,324,2,147.1
325,326,2,142.5
325,1838,2,101.2
325,7014,2,112.4
325,7035,2,118.5
326,121,2,136.1
326,226,2,150.7
326,325,2,142.5
326,327,2,132.8
326,7014,2,39.0
326,7035,2,47.2
327,121,2,126.6
327,225,2,161.3
327,326,2,132.8
327,7036,2,90.6
328,119,2,115.7
328,528,2,120.9
328,7013,2,139.0
328,7036,2,78.3
329,415,2,47.8
329,416,2,142.9
329,7037,2,149.4
329,7091,2,46.7
330,331,2,157.8
330,7090,2,136.2
330,7095,2,85.9
331,330,2,157.8
331,7095,2,75.4
333,409,2,52.7
334,408,2,54.0
334,1134,2,126.4
335,407,2,51.3
336,318,2,36.2
336,319,2,46.1
336,323,2,40.0
336,2764,2,110.6
336,7062,2,155.9
336,7069,2,64.2
337,406,2,53.8
338,405,2,46.1
339,404,2,44.1
340,403,2,52.6
341,402,2,48.3
342,401,2,45.1
343,344,2,140.6
343,400,2,32.5
344,343,2,140.6
344,345,2,138.0
344,399,2,71.3
344,2648,2,115.8
345,344,2,138.0
345,398,2,81.3
345,399,2,68.2
345,2639,2,159.6
345,2648,2,52.8
345,5344,2,158.8
346,397,2,67.0
349,395,2,142.0
349,396,2,74.1
350,394,2,75.9
350,395,2,72.3
351,393,2,57.5
351,394,2,90.3
352,392,2,34.7
353,391,2,62.3
354,389,2,119.5
354,390,2,44.8
355,387,2,143.1
355,388,2,59.0
355,389,2,127.8
356,357,2,147.1
356,386,2,119.4
356,387,2,73.4
357,356,2,147.1
357,386,2,27.9
358,385,2,21.3
359,383,2,129.0
359,384,2,39.2
360,383,2,42.6
360,384,2,141.9
365,374,2,162.3
365,375,2,24.6
366,367,2,126.3
366,373,2,104.4
366,374,2,37.6
367,366,2,126.3
367,373,2,29.0
367,374,2,163.4
367,1757,2,154.7
368,372,2,28.1
369,371,2,63.6
369,1740,2,120.7
371,369,2,63.6
371,1740,2,57.5
371,1758,2,160.6
372,368,2,28.1
373,366,2,104.4
373,367,2,29.0
373,374,2,140.3
374,365,2,162.3
374,366,2,37.6
374,367,2,163.4
374,373,2,140.3
374,375,2,138.5
375,365,2,24.6
375,374,2,138.5
377,378,2,27.8
377,2755,2,55.9
377,7058,2,39.4
377,7073,2,91.0
377,9817,2,35.2
378,377,2,27.8
378,2752,2,139.0
378,2755,2,62.8
378,7058,2,19.8
378,7073,2,110.2
378,9817,2,52.6
380,233,2,151.6
380,1920,2,159.4
380,2245,2,61.4
383,359,2,129.0
383,360,2,42.6
383,384,2,100.8
384,359,2,39.2
384,360,2,141.9
384,383,2,100.8
385,358,2,21.3
386,356,2,119.4
386,357,2,27.9
387,355,2,143.1
387,356,2,73.4
387,388,2,146.7
388,355,2,59.0
388,387,2,146.7
388,389,2,83.8
389,354,2,119.5
389,355,2,127.8
389,388,2,83.8
390,354,2,44.8
391,353,2,62.3
392,352,2,34.7
393,351,2,57.5
393,394,2,141.3
394,350,2,75.9
394,351,2,90.3
394,393,2,141.3
394,395,2,146.9
395,349,2,142.0
395,350,2,72.3
395,394,2,146.9
396,349,2,74.1
397,346,2,67.0
398,345,2,81.3
398,399,2,148.3
398,2639,2,118.5
398,2648,2,116.6
399,344,2,71.3
399,345,2,68.2
399,398,2,148.3
399,2648,2,49.5
400,343,2,32.5
401,342,2,45.1
402,341,2,48.3
403,340,2,52.6
403,404,2,145.3
404,339,2,44.1
404,403,2,145.3
405,338,2,46.1
406,337,2,53.8
407,335,2,51.3
408,334,2,54.0
408,628,2,140.5
408,1134,2,101.4
408,7009,2,154.3
409,333,2,52.7
410,668,2,33.9
410,5305,2,51.8
411,2244,2,96.1
413,281,2,124.5
414,223,2,137.7
414,281,2,148.4
415,223,2,140.3
415,329,2,47.8
415,7091,2,76.9
416,329,2,142.9
416,417,2,137.4
416,7037,2,142.2
417,416,2,137.4
417,418,2,156.9
417,7011,2,125.2
418,417,2,156.9
418,1136,2,156.6
418,7038,2,139.8
425,260,2,61.2
439,303,2,46.7
439,440,2,161.4
440,302,2,97.1
440,303,2,115.5
440,439,2,161.4
440,441,2,79.4
441,302,2,18.8
441,440,2,79.4
442,300,2,69.4
442,301,2,50.5
442,443,2,122.1
443,300,2,54.2
443,442,2,122.1
444,298,2,104.2
444,299,2,91.4
445,297,2,83.2
445,298,2,85.2
446,297,2,145.6
446,5207,2,134.3
450,1008,2,150.6
450,1025,2,57.1
455,226,2,128.7
458,105,2,134.3
458,152,2,158.2
458,156,2,43.9
458,196,2,30.7
459,1535,2,95.6
459,1551,2,57.7
459,1656,2,116.6
465,1029,2,79.6
465,2331,2,55.6
465,2357,2,69.7
466,518,2,21.6
467,468,2,158.6
467,517,2,19.3
468,467,2,158.6
468,516,2,20.7
469,515,2,15.3
470,514,2,77.6
471,513,2,50.6
471,2326,2,143.6
472,511,2,37.8
472,2326,2,152.0
472,2358,2,105.3
473,510,2,59.8
474,508,2,153.3
474,509,2,35.6
475,508,2,52.9
476,507,2,27.7
477,506,2,32.8
478,505,2,20.5
478,4134,2,163.2
480,503,2,28.5
481,502,2,39.4
482,501,2,31.7
483,500,2,21.1
483,2469,2,95.0
485,498,2,90.3
486,497,2,106.6
486,2543,2,97.5
487,2071,2,102.1
488,2070,2,76.1
489,287,2,119.7
490,2068,2,120.6
491,2066,2,59.7
492,2065,2,51.7
493,2064,2,34.3
494,2063,2,155.6
494,2064,2,140.6
494,6508,2,91.3
497,486,2,106.6
497,2543,2,106.5
498,485,2,90.3
500,483,2,21.1
500,2469,2,75.6
501,482,2,31.7
502,481,2,39.4
503,480,2,28.5
504,172,2,115.1
504,4250,2,76.0
505,478,2,20.5
506,477,2,32.8
507,476,2,27.7
508,474,2,153.3
508,475,2,52.9
509,474,2,35.6
510,473,2,59.8
511,472,2,37.8
511,2326,2,150.4
511,2358,2,108.9
513,471,2,50.6
513,2326,2,112.9
513,2358,2,123.4
514,470,2,77.6
515,469,2,15.3
516,468,2,20.7
517,467,2,19.3
518,466,2,21.6
519,1711,2,131.4
519,2254,2,131.6
521,2256,2,116.2
521,2257,2,42.9
526,7011,2,151.3
528,118,2,98.8
528,119,2,83.0
528,328,2,120.9
528,7037,2,129.9
532,607,2,33.4
533,606,2,154.4
536,603,2,118.9
537,5328,2,138.1
544,1283,2,33.1
545,596,2,18.5
547,548,2,161.6
547,594,2,121.9
547,595,2,31.2
548,547,2,161.6
548,594,2,46.3
549,593,2,136.1
558,586,2,30.0
559,585,2,72.0
560,561,2,151.6
560,584,2,72.7
561,560,2,151.6
561,583,2,44.2
562,582,2,66.3
563,639,2,97.9
563,665,2,64.6
565,637,2,71.9
566,636,2,153.5
567,635,2,104.3
568,634,2,49.4
569,633,2,15.5
570,632,2,13.7
571,631,2,77.1
572,631,2,118.6
574,848,2,62.2
575,847,2,26.0
576,846,2,36.5
577,845,2,87.9
579,843,2,37.2
580,842,2,26.8
581,841,2,57.0
581,849,2,54.2
582,562,2,66.3
583,561,2,44.2
584,560,2,72.7
585,559,2,72.0
586,558,2,30.0
593,549,2,136.1
593,867,2,119.3
593,960,2,38.8
593,961,2,157.0
594,547,2,121.9
594,548,2,46.3
594,595,2,140.8
595,547,2,31.2
595,594,2,140.8
596,545,2,18.5
601,2581,2,42.6
601,2616,2,68.7
603,536,2,118.9
605,7094,2,19.9
605,7096,2,28.7
606,533,2,154.4
606,5247,2,145.9
607,532,2,33.4
608,5247,2,75.7
609,5225,2,129.3
610,1417,2,102.6
611,1416,2,150.3
611,1417,2,131.5
612,1416,2,142.5
613,1415,2,33.0
614,1414,2,83.9
615,1412,2,152.0
615,1413,2,81.5
616,1412,2,89.8
616,3149,2,117.1
616,3256,2,65.1
617,1411,2,28.6
618,1410,2,75.3
618,8919,2,102.1
619,1409,2,70.4
620,1408,2,79.1
621,1407,2,14.3
622,1406,2,56.0
623,1405,2,13.2
623,1406,2,163.4
624,1404,2,72.8
624,3980,2,63.6
624,4707,2,81.4
626,1402,2,34.8
628,408,2,140.5
628,1134,2,43.2
628,7009,2,38.3
628,7040,2,118.2
629,650,2,126.0
630,1518,2,140.7
630,3074,2,127.6
631,571,2,77.1
631,572,2,118.6
632,570,2,13.7
633,569,2,15.5
634,568,2,49.4
635,567,2,104.3
636,566,2,153.5
637,565,2,71.9
639,563,2,97.9
639,665,2,137.6
640,1439,2,146.6
640,3357,2,93.9
641,3356,2,31.4
643,3354,2,23.9
644,3353,2,44.4
645,3352,2,159.5
646,3352,2,113.1
647,3351,2,82.3
649,3349,2,135.1
649,5351,2,145.9
650,629,2,126.0
658,7063,2,42.1
658,7068,2,153.7
661,682,2,38.7
661,4863,2,102.3
662,663,2,20.7
663,662,2,20.7
664,8004,2,51.3
665,563,2,64.6
665,639,2,137.6
668,410,2,33.9
668,5305,2,39.9
674,9939,2,29.1
675,1428,2,24.4
676,1427,2,76.8
677,1425,2,24.5
678,1424,2,51.6
679,1423,2,79.0
680,1422,2,71.6
681,1421,2,130.0
682,661,2,38.7
682,4863,2,101.5
683,806,2,121.0
685,829,2,13.1
685,1400,2,113.7
686,1400,2,92.7
686,5242,2,13.2
687,827,2,45.6
688,826,2,69.8
689,825,2,78.7
690,824,2,47.6
699,704,2,55.4
699,3240,2,142.9
699,4703,2,120.2
700,701,2,23.0
701,700,2,23.0
702,703,2,14.2
703,702,2,14.2
704,699,2,55.4
706,815,2,24.1
707,814,2,71.5
708,813,2,20.7
709,812,2,57.8
710,811,2,19.6
716,805,2,88.0
717,804,2,29.5
731,1212,2,53.4
732,789,2,18.0
733,788,2,68.0
734,787,2,65.5
735,786,2,20.1
736,785,2,29.0
737,784,2,19.7
738,783,2,17.9
739,782,2,18.0
740,781,2,17.9
741,780,2,52.2
753,3376,2,148.3
780,741,2,52.2
781,740,2,17.9
782,739,2,18.0
783,738,2,17.9
784,737,2,19.7
785,736,2,29.0
786,735,2,20.1
787,734,2,65.5
788,733,2,68.0
789,732,2,18.0
790,5315,2,146.9
790,5317,2,127.0
795,8005,2,123.0
804,717,2,29.5
804,805,2,140.9
805,716,2,88.0
805,804,2,140.9
806,683,2,121.0
810,4866,2,88.3
811,710,2,19.6
812,709,2,57.8
813,708,2,20.7
814,707,2,71.5
815,706,2,24.1
824,690,2,47.6
825,689,2,78.7
826,688,2,69.8
827,687,2,45.6
829,685,2,13.1
829,1400,2,113.5
832,3811,2,116.5
834,856,2,51.1
835,854,2,47.3
835,855,2,118.9
835,859,2,127.0
836,853,2,96.3
836,854,2,149.3
836,859,2,76.9
836,969,2,151.1
837,3845,2,93.1
838,851,2,159.5
838,852,2,41.3
840,850,2,8.7
841,581,2,57.0
841,849,2,63.2
842,580,2,26.8
843,579,2,37.2
845,577,2,87.9
845,846,2,146.3
846,576,2,36.5
846,845,2,146.3
847,575,2,26.0
848,574,2,62.2
849,581,2,54.2
849,841,2,63.2
850,840,2,8.7
851,838,2,159.5
852,838,2,41.3
853,836,2,96.3
854,835,2,47.3
854,836,2,149.3
854,859,2,86.3
855,835,2,118.9
856,834,2,51.1
859,835,2,127.0
859,836,2,76.9
859,854,2,86.3
859,969,2,114.1
860,968,2,43.9
861,967,2,71.5
862,966,2,18.5
863,965,2,22.7
864,964,2,31.3
865,963,2,39.9
866,962,2,53.8
867,593,2,119.3
867,960,2,93.9
867,961,2,39.6
869,8003,2,119.3
869,8006,2,30.7
875,4619,2,123.1
880,881,2,118.8
880,2633,2,59.7
881,880,2,118.8
881,941,2,139.2
883,940,2,57.6
883,1795,2,57.5
884,938,2,13.3
885,887,2,31.8
885,906,2,66.1
885,7097,2,112.1
885,7098,2,37.5
886,8045,2,48.3
887,885,2,31.8
887,906,2,35.1
887,7097,2,90.4
887,7098,2,60.0
888,934,2,93.5
888,935,2,59.6
890,933,2,15.4
891,932,2,42.4
894,929,2,43.1
895,896,2,163.1
895,927,2,149.7
895,928,2,13.5
896,895,2,163.1
896,927,2,21.3
896,928,2,160.1
897,925,2,29.7
898,923,2,151.0
898,924,2,13.8
899,900,2,155.4
899,923,2,30.2
900,899,2,155.4
900,903,2,149.3
900,922,2,20.3
900,3652,2,89.3
901,3654,2,25.4
902,3652,2,159.1
902,3653,2,57.3
903,900,2,149.3
903,922,2,130.6
903,3651,2,63.0
904,3651,2,113.4
905,3650,2,26.6
906,885,2,66.1
906,887,2,35.1
906,7097,2,65.6
906,7098,2,86.6
909,1979,2,29.9
910,911,2,161.0
910,1978,2,50.2
911,910,2,161.0
911,1977,2,76.4
911,1978,2,112.4
912,1976,2,45.3
913,1975,2,134.2
913,1980,2,31.1
914,1975,2,50.4
915,916,2,124.6
915,4124,2,24.5
916,915,2,124.6
916,917,2,101.1
916,4122,2,153.6
916,4124,2,148.8
917,916,2,101.1
917,4122,2,52.8
918,4122,2,156.9
918,5312,2,64.4
919,3655,2,64.5
919,3725,2,82.9
919,5312,2,135.2
919,5342,2,33.9
922,900,2,20.3
922,903,2,130.6
922,3652,2,90.8
923,898,2,151.0
923,899,2,30.2
923,924,2,145.8
924,898,2,13.8
924,923,2,145.8
925,897,2,29.7
927,895,2,149.7
927,896,2,21.3
927,928,2,145.3
928,895,2,13.5
928,896,2,160.1
928,927,2,145.3
929,894,2,43.1
929,930,2,158.7
930,929,2,158.7
930,931,2,118.4
931,930,2,118.4
931,5349,2,113.9
932,891,2,42.4
933,890,2,15.4
934,888,2,93.5
934,935,2,134.1
935,888,2,59.6
935,934,2,134.1
938,884,2,13.3
940,883,2,57.6
940,1795,2,69.7
941,881,2,139.2
950,951,2,35.7
951,950,2,35.7
952,953,2,111.8
953,952,2,111.8
954,955,2,106.2
955,954,2,106.2
960,593,2,38.8
960,867,2,93.9
960,961,2,127.9
961,593,2,157.0
961,867,2,39.6
961,960,2,127.9
962,866,2,53.8
963,865,2,39.9
964,864,2,31.3
965,863,2,22.7
966,862,2,18.5
967,861,2,71.5
968,860,2,43.9
969,836,2,151.1
969,859,2,114.1
971,1063,2,152.5
971,7017,2,135.2
971,7032,2,45.8
973,974,2,143.7
974,973,2,143.7
974,1061,2,162.1
975,1060,2,163.5
976,229,2,94.5
976,1058,2,22.7
976,1059,2,108.0
976,1923,2,149.3
976,1924,2,131.5
977,1056,2,15.5
978,1055,2,18.1
979,1054,2,60.8
980,1053,2,29.7
981,1052,2,19.3
982,1051,2,139.2
983,1051,2,66.7
984,1049,2,128.7
984,1050,2,51.5
985,1048,2,98.6
985,1049,2,46.5
986,1047,2,19.0
987,1046,2,27.0
988,1045,2,34.8
989,1044,2,21.3
989,1045,2,153.8
990,1043,2,31.9
992,1041,2,16.8
993,1040,2,48.9
994,1039,2,40.3
995,1036,2,146.0
995,1037,2,21.0
997,6101,2,104.5
998,1035,2,80.4
999,1034,2,34.7
1000,249,2,60.6
1000,1033,2,18.8
1001,1032,2,22.1
1002,1031,2,38.4
1003,1030,2,65.2
1004,1015,2,17.4
1005,1028,2,35.9
1006,1027,2,42.2
1007,1026,2,17.7
1008,450,2,150.6
1008,1009,2,129.6
1008,1024,2,32.8
1009,1008,2,129.6
1009,1023,2,54.6
1009,1024,2,136.7
1010,1022,2,13.4
1011,4152,2,72.6
1012,4151,2,76.9
1013,4150,2,139.1
1014,2186,2,57.7
1014,2328,2,117.7
1014,4149,2,95.6
1014,4150,2,107.3
1015,1004,2,17.4
1016,4148,2,52.7
1017,4147,2,47.1
1022,1010,2,13.4
1023,1009,2,54.6
1024,1008,2,32.8
1024,1009,2,136.7
1025,450,2,57.1
1026,1007,2,17.7
1026,1027,2,158.5
1027,1006,2,42.2
1027,1026,2,158.5
1028,1005,2,35.9
1029,465,2,79.6
1029,2331,2,61.0
1029,2357,2,67.3
1030,1003,2,65.2
1031,1002,2,38.4
1032,1001,2,22.1
1033,249,2,77.5
1033,1000,2,18.8
1034,999,2,34.7
1035,998,2,80.4
1036,995,2,146.0
1036,6101,2,89.1
1037,995,2,21.0
1039,994,2,40.3
1040,993,2,48.9
1041,992,2,16.8
1042,1043,2,146.3
1043,990,2,31.9
1043,1042,2,146.3
1044,989,2,21.3
1044,1045,2,163.3
1045,988,2,34.8
1045,989,2,153.8
1045,1044,2,163.3
1046,987,2,27.0
1047,986,2,19.0
1048,985,2,98.6
1048,1049,2,141.1
1049,984,2,128.7
1049,985,2,46.5
1049,1048,2,141.1
1050,984,2,51.5
1051,982,2,139.2
1051,983,2,66.7
1052,981,2,19.3
1053,980,2,29.7
1054,979,2,60.8
1055,978,2,18.1
1056,977,2,15.5
1057,1069,2,19.3
1057,1070,2,39.6
1057,3327,2,148.6
1058,229,2,101.7
1058,976,2,22.7
1058,1059,2,128.8
1058,1923,2,159.2
1058,1924,2,138.7
1059,229,2,158.5
1059,230,2,147.4
1059,976,2,108.0
1059,1058,2,128.8
1059,1923,2,101.0
1060,975,2,163.5
1061,974,2,162.1
1061,1062,2,139.7
1062,1061,2,139.7
1063,971,2,152.5
1063,1782,2,42.2
1063,7017,2,43.7
1063,7032,2,129.2
1065,1135,2,121.5
1065,1136,2,147.0
1065,7039,2,116.8
1069,1057,2,19.3
1069,1070,2,20.3
1069,3327,2,134.6
1070,1057,2,39.6
1070,1069,2,20.3
1070,3327,2,121.2
1071,1378,2,57.3
1071,1465,2,81.4
1074,1131,2,19.0
1075,1130,2,30.1
1076,1129,2,17.6
1077,1128,2,17.7
1086,2646,2,101.0
1087,2643,2,102.1
1088,2644,2,61.0
1090,1395,2,67.3
1091,1393,2,142.7
1091,1394,2,61.0
1092,1392,2,66.8
1093,1391,2,28.6
1094,1390,2,70.2
1096,1166,2,160.1
1096,1167,2,101.2
1096,7006,2,16.9
1096,7043,2,74.1
1097,1166,2,121.3
1098,1165,2,130.7
1099,1164,2,87.3
1100,1163,2,86.6
1102,1162,2,121.6
1102,3185,2,90.2
1102,3900,2,129.7
1103,1161,2,130.4
1104,1160,2,23.5
1105,1159,2,80.3
1105,1531,2,66.9
1105,1555,2,61.5
1106,1158,2,59.4
1107,1649,2,150.3
1107,1674,2,129.0
1108,1156,2,101.2
1109,1155,2,137.0
1109,3081,2,98.3
1110,1154,2,77.1
1111,1153,2,23.5
1112,1152,2,21.8
1114,1150,2,75.7
1115,1149,2,25.5
1116,1148,2,109.3
1127,1646,2,134.6
1128,1077,2,17.7
1129,1076,2,17.6
1130,1075,2,30.1
1131,1074,2,19.0
1133,5257,2,60.1
1134,334,2,126.4
1134,408,2,101.4
1134,628,2,43.2
1134,7009,2,54.1
1134,7040,2,153.1
1135,1065,2,121.5
1135,7039,2,75.3
1136,418,2,156.6
1136,1065,2,147.0
1136,7010,2,65.1
1136,7039,2,133.6
1141,1181,2,63.4
1141,1365,2,76.3
1142,1183,2,64.6
1144,1178,2,36.5
1145,1211,2,162.3
1145,1334,2,127.0
1145,1335,2,150.8
1146,1176,2,27.0
1147,1175,2,107.5
1148,1116,2,109.3
1149,1115,2,25.5
1150,1114,2,75.7
1152,1112,2,21.8
1153,1111,2,23.5
1154,1110,2,77.1
1155,1109,2,137.0
1155,3081,2,87.2
1156,1108,2,101.2
1157,1649,2,84.3
1157,1674,2,71.2
1158,1106,2,59.4
1159,1105,2,80.3
1159,1531,2,66.2
1159,1555,2,55.0
1160,1104,2,23.5
1161,1103,2,130.4
1162,1102,2,121.6
1162,3185,2,100.4
1162,3900,2,112.3
1163,1100,2,86.6
1164,1099,2,87.3
1165,1098,2,130.7
1166,1096,2,160.1
1166,1097,2,121.3
1166,7043,2,120.6
1167,1096,2,101.2
1167,7006,2,89.6
1175,1147,2,107.5
1176,1146,2,27.0
1178,1144,2,36.5
1181,1141,2,63.4
1181,1365,2,81.9
1183,1142,2,64.6
1184,3301,2,124.4
1187,2807,2,110.0
1188,1317,2,83.5
1189,1316,2,67.8
1192,1314,2,121.9
1192,1337,2,117.3
1193,5363,2,82.6
1195,1311,2,88.9
1196,1310,2,141.3
1196,4604,2,127.0
1196,4661,2,88.0
1197,1309,2,136.7
1198,1309,2,72.8
1200,2806,2,68.1
1201,2805,2,100.7
1202,2804,2,87.0
1203,2803,2,111.3
1204,2802,2,115.1
1206,2800,2,147.2
1207,2798,2,142.8
1209,127,2,137.7
1210,1299,2,25.0
1211,1145,2,162.3
1211,1334,2,116.7
1211,1335,2,140.0
1212,731,2,53.4
1216,1302,2,67.6
1217,1301,2,44.7
1218,1300,2,104.0
1220,1298,2,54.9
1222,1296,2,60.1
1223,1295,2,76.2
1224,1294,2,27.1
1225,1293,2,37.6
1226,1292,2,140.0
1226,1354,2,83.5
1226,1489,2,126.1
1227,1228,2,145.2
1228,1227,2,145.2
1228,1290,2,60.5
1229,1289,2,18.1
1230,1288,2,56.1
1231,1287,2,16.8
1232,1286,2,28.9
1234,1284,2,23.0
1236,1282,2,27.1
1237,1281,2,71.2
1238,1280,2,28.7
1239,1279,2,93.2
1240,1278,2,51.5
1241,1277,2,51.3
1242,1276,2,56.0
1243,1275,2,153.8
1244,1274,2,36.3
1245,1273,2,15.0
1246,1272,2,124.8
1247,1271,2,121.1
1247,3078,2,71.2
1247,3092,2,94.9
1248,1270,2,12.3
1249,1269,2,17.8
1250,1268,2,28.2
1251,1267,2,130.9
1251,1524,2,72.0
1252,1266,2,16.6
1253,1265,2,96.6
1254,1263,2,88.9
1254,3179,2,94.9
1255,1262,2,38.7
1262,1255,2,38.7
1263,1254,2,88.9
1264,3179,2,115.2
1265,1253,2,96.6
1266,1252,2,16.6
1267,1251,2,130.9
1267,1524,2,76.4
1267,1562,2,161.7
1268,1250,2,28.2
1269,1249,2,17.8
1270,1248,2,12.3
1271,1247,2,121.1
1271,3078,2,74.7
1271,3092,2,84.4
1272,1246,2,124.8
1273,1245,2,15.0
1274,1244,2,36.3
1275,1243,2,153.8
1276,1242,2,56.0
1277,1241,2,51.3
1278,1240,2,51.5
1279,1239,2,93.2
1280,1238,2,28.7
1281,1237,2,71.2
1282,1236,2,27.1
1283,544,2,33.1
1284,1234,2,23.0
1285,3125,2,95.9
1286,1232,2,28.9
1287,1231,2,16.8
1288,1230,2,56.1
1289,1229,2,18.1
1290,1228,2,60.5
1291,1618,2,161.9
1292,1226,2,140.0
1292,1354,2,64.8
1292,1489,2,123.6
1293,1225,2,37.6
1294,1224,2,27.1
1295,1223,2,76.2
1296,1222,2,60.1
1298,1220,2,54.9
1299,1210,2,25.0
1300,1218,2,104.0
1301,1217,2,44.7
1302,1216,2,67.6
1303,1306,2,138.1
1306,1303,2,138.1
1308,2901,2,92.0
1308,3348,2,88.7
1308,3367,2,74.6
1309,1197,2,136.7
1309,1198,2,72.8
1310,1196,2,141.3
1310,4604,2,99.1
1310,4661,2,87.5
1311,1195,2,88.9
1312,1333,2,70.3
1314,1192,2,121.9
1314,1337,2,88.0
1316,1189,2,67.8
1317,1188,2,83.5
1333,1312,2,70.3
1334,1145,2,127.0
1334,1211,2,116.7
1335,1145,2,150.8
1335,1211,2,140.0
1337,1192,2,117.3
1337,1314,2,88.0
1338,1505,2,111.9
1339,1504,2,91.5
1340,1503,2,59.8
1341,1502,2,121.1
1342,1501,2,7.4
1343,1500,2,14.3
1344,1499,2,46.4
1345,1772,2,59.4
1348,1495,2,143.9
1349,1494,2,149.2
1350,1493,2,115.3
1351,1492,2,83.7
1352,2335,2,60.8
1352,2353,2,72.5
1353,1490,2,67.5
1354,1226,2,83.5
1354,1292,2,64.8
1354,1489,2,127.7
1355,3614,2,154.9
1356,3614,2,123.2
1357,1486,2,134.5
1358,1485,2,75.9
1359,1484,2,140.1
1360,1483,2,22.1
1361,1482,2,26.7
1363,1481,2,118.2
1364,1617,2,118.6
1365,1141,2,76.3
1365,1181,2,81.9
1366,1478,2,31.3
1367,1477,2,147.2
1368,1476,2,57.0
1369,1475,2,138.0
1370,1473,2,60.4
1370,1474,2,92.5
1371,1472,2,39.5
1372,1471,2,44.3
1373,1470,2,12.4
1374,1469,2,129.9
1375,1468,2,73.5
1376,1467,2,16.5
1377,1466,2,32.7
1378,1071,2,57.3
1378,1465,2,74.3
1380,1463,2,152.0
1380,1464,2,106.0
1380,3080,2,76.0
1380,3090,2,64.4
1381,1463,2,59.7
1382,1462,2,39.4
1383,1461,2,36.9
1384,1385,2,137.1
1384,1460,2,147.1
1385,1384,2,137.1
1386,1458,2,157.8
1386,1527,2,105.5
1386,1559,2,109.4
1387,1457,2,130.0
1388,1456,2,83.5
1389,1455,2,125.4
1389,3181,2,105.0
1389,3904,2,99.2
1390,1094,2,70.2
1391,1093,2,28.6
1392,1092,2,66.8
1393,1091,2,142.7
1394,1091,2,61.0
1395,1090,2,67.3
1396,3060,2,98.4
1396,3115,2,143.8
1397,1398,2,94.2
1398,1397,2,94.2
1399,3851,2,25.0
1400,685,2,113.7
1400,686,2,92.7
1400,829,2,113.5
1400,5242,2,83.2
1402,626,2,34.8
1404,624,2,72.8
1404,3980,2,65.2
1404,4707,2,79.7
1405,623,2,13.2
1406,622,2,56.0
1406,623,2,163.4
1407,621,2,14.3
1408,620,2,79.1
1409,619,2,70.4
1410,618,2,75.3
1410,8919,2,112.4
1410,8922,2,155.5
1411,617,2,28.6
1412,615,2,152.0
1412,616,2,89.8
1412,3149,2,90.9
1412,3256,2,70.3
1413,615,2,81.5
1414,614,2,83.9
1415,613,2,33.0
1416,611,2,150.3
1416,612,2,142.5
1417,610,2,102.6
1417,611,2,131.5
1418,9922,2,63.3
1419,1420,2,76.6
1420,1419,2,76.6
1421,681,2,130.0
1421,3076,2,95.7
1421,3095,2,80.8
1422,680,2,71.6
1423,679,2,79.0
1424,678,2,51.6
1425,677,2,24.5
1427,676,2,76.8
1428,675,2,24.4
1432,9928,2,87.0
1439,640,2,146.6
1439,3357,2,163.5
1444,1449,2,31.8
1445,1448,2,144.4
1446,1447,2,24.5
1447,1446,2,24.5
1448,1445,2,144.4
1449,1444,2,31.8
1455,1389,2,125.4
1455,3181,2,80.0
1455,3904,2,57.7
1456,1388,2,83.5
1457,1387,2,130.0
1458,1386,2,157.8
1458,1527,2,102.4
1458,1559,2,94.4
1460,1384,2,147.1
1461,1383,2,36.9
1462,1382,2,39.4
1463,1380,2,152.0
1463,1381,2,59.7
1464,1380,2,106.0
1464,3080,2,80.6
1464,3090,2,83.4
1465,1071,2,81.4
1465,1378,2,74.3
1466,1377,2,32.7
1467,1376,2,16.5
1468,1375,2,73.5
1469,1374,2,129.9
1470,1373,2,12.4
1471,1372,2,44.3
1472,1371,2,39.5
1473,1370,2,60.4
1473,1474,2,150.4
1474,1370,2,92.5
1474,1473,2,150.4
1475,1369,2,138.0
1476,1368,2,57.0
1477,1367,2,147.2
1478,1366,2,31.3
1481,1363,2,118.2
1482,1361,2,26.7
1483,1360,2,22.1
1484,1359,2,140.1
1485,1358,2,75.9
1486,1357,2,134.5
1489,1226,2,126.1
1489,1292,2,123.6
1489,1354,2,127.7
1490,1353,2,67.5
1492,1351,2,83.7
1493,1350,2,115.3
1494,1349,2,149.2
1495,1348,2,143.9
1497,5362,2,83.0
1499,1344,2,46.4
1500,1343,2,14.3
1501,1342,2,7.4
1502,1341,2,121.1
1503,1340,2,59.8
1504,1339,2,91.5
1505,1338,2,111.9
1518,630,2,140.7
1518,3074,2,60.1
1519,1597,2,45.8
1520,1596,2,108.5
1521,1566,2,146.5
1522,1565,2,34.4
1523,1564,2,80.0
1524,1251,2,72.0
1524,1267,2,76.4
1525,1561,2,35.8
1526,1560,2,50.2
1527,1386,2,105.5
1527,1458,2,102.4
1527,1559,2,132.0
1528,1558,2,27.7
1529,1557,2,76.5
1530,1556,2,112.6
1531,1105,2,66.9
1531,1159,2,66.2
1531,1555,2,95.2
1533,1553,2,87.4
1534,1552,2,103.5
1535,459,2,95.6
1535,1551,2,80.5
1535,1656,2,62.2
1535,1666,2,100.5
1536,1550,2,150.5
1537,1549,2,136.5
1538,1548,2,39.4
1539,1547,2,69.0
1540,1546,2,140.9
1541,2979,2,52.1
1541,2990,2,104.4
1542,1545,2,77.0
1543,2980,2,135.8
1543,2989,2,103.1
1545,1542,2,77.0
1546,1540,2,140.9
1547,1539,2,69.0
1548,1538,2,39.4
1549,1537,2,136.5
1550,1536,2,150.5
1551,459,2,57.7
1551,1535,2,80.5
1551,1656,2,68.8
1551,1666,2,126.5
1552,1534,2,103.5
1553,1533,2,87.4
1555,1105,2,61.5
1555,1159,2,55.0
1555,1531,2,95.2
1556,1530,2,112.6
1557,1529,2,76.5
1558,1528,2,27.7
1559,1386,2,109.4
1559,1458,2,94.4
1559,1527,2,132.0
1560,1526,2,50.2
1561,1525,2,35.8
1562,1267,2,161.7
1564,1523,2,80.0
1565,1522,2,34.4
1566,1521,2,146.5
1570,265,2,113.2
1576,9933,2,111.8
1596,1520,2,108.5
1597,1519,2,45.8
1602,3142,2,81.5
1603,3141,2,15.5
1604,3140,2,125.5
1604,5205,2,78.1
1605,3139,2,67.0
1606,1964,2,156.6
1606,3138,2,95.4
1607,2207,2,72.2
1607,2302,2,86.8
1607,2303,2,66.3
1607,3137,2,82.8
1608,3136,2,79.0
1609,3135,2,63.3
1610,3134,2,91.0
1612,3131,2,83.0
1613,3130,2,132.7
1617,1364,2,118.6
1618,1291,2,161.9
1619,4712,2,66.0
1635,5271,2,50.7
1646,1127,2,134.6
1646,1677,2,50.3
1648,1675,2,45.2
1649,1107,2,150.3
1649,1157,2,84.3
1649,1673,2,120.4
1649,1674,2,73.7
1650,1672,2,131.8
1650,1673,2,144.5
1651,1672,2,66.1
1652,1671,2,16.6
1653,1670,2,26.4
1654,1669,2,12.5
1655,1668,2,89.6
1656,459,2,116.6
1656,1535,2,62.2
1656,1551,2,68.8
1656,1666,2,58.1
1657,1665,2,86.0
1658,1664,2,24.8
1659,1663,2,28.8
1660,1662,2,33.5
1660,3190,2,148.4
1660,3896,2,131.4
1662,1660,2,33.5
1662,3190,2,116.2
1662,3896,2,119.8
1663,1659,2,28.8
1664,1658,2,24.8
1665,1657,2,86.0
1666,1535,2,100.5
1666,1551,2,126.5
1666,1656,2,58.1
1668,1655,2,89.6
1669,1654,2,12.5
1670,1653,2,26.4
1671,1652,2,16.6
1672,1650,2,131.8
1672,1651,2,66.1
1673,1649,2,120.4
1673,1650,2,144.5
1674,1107,2,129.0
1674,1157,2,71.2
1674,1649,2,73.7
1675,1648,2,45.2
1677,1646,2,50.3
1689,1739,2,24.7
1691,1692,2,128.2
1691,1737,2,97.8
1692,1691,2,128.2
1692,1736,2,161.1
1692,1737,2,31.5
1693,1735,2,138.4
1693,1736,2,45.6
1694,1695,2,135.3
1694,1734,2,100.6
1694,1735,2,47.6
1695,1694,2,135.3
1695,1734,2,41.8
1697,1732,2,24.5
1700,1701,2,137.3
1700,1729,2,77.5
1701,1700,2,137.3
1701,1728,2,75.7
1702,1727,2,119.7
1702,1728,2,122.2
1703,1727,2,70.6
1704,1725,2,129.0
1704,1726,2,152.7
1705,2637,2,132.6
1707,2637,2,126.0
1707,2651,2,105.5
1711,519,2,131.4
1711,2254,2,159.8
1718,2256,2,161.6
1722,1723,2,125.5
1723,1722,2,125.5
1723,2650,2,112.9
1725,1704,2,129.0
1725,2638,2,159.7
1725,5208,2,94.8
1726,1704,2,152.7
1727,1702,2,119.7
1727,1703,2,70.6
1728,1701,2,75.7
1728,1702,2,122.2
1729,1700,2,77.5
1732,1697,2,24.5
1734,1694,2,100.6
1734,1695,2,41.8
1734,1735,2,143.4
1735,1693,2,138.4
1735,1694,2,47.6
1735,1734,2,143.4
1736,1692,2,161.1
1736,1693,2,45.6
1737,1691,2,97.8
1737,1692,2,31.5
1739,1689,2,24.7
1740,369,2,120.7
1740,371,2,57.5
1740,1758,2,142.7
1741,1742,2,102.7
1741,1758,2,45.9
1742,1741,2,102.7
1742,1758,2,145.7
1743,1744,2,137.3
1744,1743,2,137.3
1746,1747,2,124.1
1747,1746,2,124.1
1757,367,2,154.7
1758,371,2,160.6
1758,1740,2,142.7
1758,1741,2,45.9
1758,1742,2,145.7
1772,1345,2,59.4
1775,1776,2,133.7
1776,107,2,38.7
1776,1775,2,133.7
1782,1063,2,42.2
1782,1834,2,163.3
1782,7017,2,84.6
1782,7032,2,153.5
1784,1831,2,156.3
1784,2260,2,147.1
1784,2261,2,86.0
1785,1830,2,162.0
1785,2251,2,45.0
1790,2629,2,117.8
1790,2654,2,124.3
1790,7080,2,125.7
1792,1825,2,101.0
1793,1824,2,36.6
1795,883,2,57.5
1795,940,2,69.7
1795,1821,2,162.6
1796,1820,2,138.8
1796,1821,2,65.2
1797,1819,2,78.9
1798,1818,2,84.7
1798,1913,2,132.3
1807,1839,2,162.2
1807,1904,2,86.7
1807,3722,2,125.7
1808,3720,2,113.9
1808,3721,2,58.0
1809,3720,2,113.8
1810,3719,2,12.0
1811,3717,2,122.3
1811,3718,2,81.2
1818,1798,2,84.7
1818,1913,2,53.4
1818,1930,2,112.2
1819,1797,2,78.9
1820,1796,2,138.8
1821,1795,2,162.6
1821,1796,2,65.2
1824,1793,2,36.6
1825,1792,2,101.0
1825,2629,2,145.9
1825,2634,2,79.4
1826,2654,2,40.6
1830,1785,2,162.0
1830,1831,2,143.0
1830,2251,2,117.5
1830,2252,2,49.4
1831,1784,2,156.3
1831,1830,2,143.0
1831,2260,2,111.7
1834,1782,2,163.3
1835,1836,2,133.4
1836,112,2,159.0
1836,1835,2,133.4
1837,111,2,158.8
1837,7015,2,138.5
1837,7034,2,141.0
1838,324,2,154.1
1838,325,2,101.2
1838,7035,2,151.7
1839,1807,2,162.2
1839,1904,2,116.0
1839,3722,2,74.3
1841,1902,2,15.8
1842,1901,2,15.4
1843,1899,2,56.3
1844,1898,2,162.8
1844,1899,2,140.6
1845,1898,2,48.8
1846,1847,2,148.8
1846,1896,2,142.6
1847,1846,2,148.8
1847,1896,2,25.2
1848,1895,2,68.3
1849,1894,2,13.2
1850,1893,2,35.8
1851,1892,2,101.0
1851,2214,2,137.6
1851,2298,2,84.1
1852,1891,2,94.4
1854,1890,2,60.4
1855,1889,2,123.7
1856,1888,2,65.4
1857,1887,2,65.3
1859,1885,2,125.0
1860,3132,2,102.5
1861,2166,2,128.3
1862,2016,2,108.0
1862,2020,2,152.2
1863,2015,2,31.6
1864,2014,2,96.8
1865,2013,2,20.8
1866,2012,2,26.2
1867,2011,2,23.3
1868,2010,2,32.2
1871,1872,2,99.3
1871,2007,2,116.2
1871,2008,2,65.8
1872,1871,2,99.3
1872,2007,2,23.6
1873,2006,2,26.1
1874,2005,2,45.1
1875,2004,2,70.6
1876,2003,2,56.0
1878,1998,2,145.8
1878,2001,2,78.6
1879,1998,2,121.9
1884,3132,2,148.9
1885,1859,2,125.0
1887,1857,2,65.3
1888,1856,2,65.4
1889,1855,2,123.7
1890,1854,2,60.4
1891,1852,2,94.4
1892,1851,2,101.0
1892,2214,2,117.8
1892,2298,2,97.7
1893,1850,2,35.8
1894,1849,2,13.2
1895,1848,2,68.3
1896,1846,2,142.6
1896,1847,2,25.2
1898,1844,2,162.8
1898,1845,2,48.8
1899,1843,2,56.3
1899,1844,2,140.6
1901,1842,2,15.4
1902,1841,2,15.8
1904,1807,2,86.7
1904,1839,2,116.0
1904,1939,2,95.9
1904,3722,2,125.7
1905,1939,2,132.9
1906,1937,2,150.3
1906,1938,2,36.8
1907,1908,2,140.7
1907,1936,2,93.0
1907,1937,2,88.8
1908,1907,2,140.7
1908,1936,2,48.6
1908,2612,2,148.1
1911,1949,2,42.0
1913,1798,2,132.3
1913,1818,2,53.4
1913,1930,2,79.9
1914,1927,2,140.4
1915,1927,2,110.6
1915,2630,2,75.0
1916,236,2,67.9
1916,2569,2,90.9
1916,2628,2,78.8
1917,235,2,52.3
1918,234,2,84.9
1919,233,2,63.2
1919,1920,2,132.1
1919,2246,2,93.1
1920,233,2,70.8
1920,380,2,159.4
1920,1919,2,132.1
1920,2246,2,56.4
1920,7031,2,158.7
1921,232,2,25.5
1921,7031,2,55.1
1922,230,2,89.2
1922,231,2,36.5
1922,1923,2,137.5
1923,230,2,49.0
1923,976,2,149.3
1923,1058,2,159.2
1923,1059,2,101.0
1923,1922,2,137.5
1924,229,2,37.2
1924,976,2,131.5
1924,1058,2,138.7
1925,227,2,91.0
1926,130,2,104.8
1927,1914,2,140.4
1927,1915,2,110.6
1927,2630,2,69.2
1930,1818,2,112.2
1930,1913,2,79.9
1932,1949,2,138.1
1933,2612,2,26.2
1934,2611,2,13.4
1935,2610,2,75.6
1936,1907,2,93.0
1936,1908,2,48.6
1937,1906,2,150.3
1937,1907,2,88.8
1938,1906,2,36.8
1939,1904,2,95.9
1939,1905,2,132.9
1940,128,2,16.9
1943,5330,2,14.7
1944,1985,2,31.0
1945,1958,2,133.7
1949,1911,2,42.0
1949,1932,2,138.1
1954,1964,2,53.2
1954,3138,2,155.1
1955,1963,2,52.3
1956,1962,2,71.7
1957,1960,2,88.8
1957,1961,2,127.3
1958,1945,2,133.7
1958,1960,2,151.4
1960,1957,2,88.8
1960,1958,2,151.4
1961,1957,2,127.3
1962,1956,2,71.7
1963,1955,2,52.3
1964,1606,2,156.6
1964,1954,2,53.2
1964,3138,2,109.2
1975,913,2,134.2
1975,914,2,50.4
1975,1980,2,162.3
1976,912,2,45.3
1977,911,2,76.4
1978,910,2,50.2
1978,911,2,112.4
1979,909,2,29.9
1980,913,2,31.1
1980,1975,2,162.3
1985,1944,2,31.0
1998,1878,2,145.8
1998,1879,2,121.9
2001,1878,2,78.6
2003,1876,2,56.0
2004,1875,2,70.6
2005,1874,2,45.1
2006,1873,2,26.1
2007,1871,2,116.2
2007,1872,2,23.6
2008,1871,2,65.8
2010,1868,2,32.2
2011,1867,2,23.3
2012,1866,2,26.2
2013,1865,2,20.8
2014,1864,2,96.8
2015,1863,2,31.6
2016,1862,2,108.0
2020,1862,2,152.2
2020,2166,2,133.9
2021,2165,2,68.6
2031,2372,2,102.3
2031,2597,2,151.8
2032,2160,2,147.2
2063,494,2,155.6
2064,493,2,34.3
2064,494,2,140.6
2065,492,2,51.7
2066,491,2,59.7
2067,2068,2,142.0
2067,3827,2,30.2
2068,490,2,120.6
2068,2067,2,142.0
2068,3827,2,155.5
2070,488,2,76.1
2071,487,2,102.1
2160,2032,2,147.2
2165,2021,2,68.6
2166,1861,2,128.3
2166,2020,2,133.9
2173,2174,2,159.9
2174,2173,2,159.9
2180,157,2,75.6
2180,4266,2,119.8
2181,4810,2,66.3
2183,4811,2,111.4
2184,2330,2,50.9
2185,2329,2,80.5
2186,1014,2,57.7
2186,2328,2,148.7
2186,4149,2,116.4
2186,4150,2,78.5
2200,2304,2,48.9
2201,2309,2,122.2
2202,2309,2,104.2
2202,8042,2,92.8
2202,8043,2,147.3
2203,2308,2,12.5
2204,2307,2,27.8
2205,2305,2,134.0
2205,2306,2,19.1
2206,2305,2,70.9
2207,1607,2,72.2
2207,2208,2,149.7
2207,2302,2,35.6
2207,2303,2,97.2
2207,3137,2,65.9
2208,2207,2,149.7
2208,2302,2,117.5
2209,2301,2,29.7
2210,2301,2,138.3
2211,2212,2,160.4
2211,2300,2,34.3
2212,2211,2,160.4
2212,2299,2,8.2
2213,2298,2,114.0
2214,1851,2,137.6
2214,1892,2,117.8
2215,2297,2,10.5
2216,2296,2,81.7
2217,2295,2,139.0
2217,2670,2,80.7
2217,2671,2,121.0
2217,2704,2,46.3
2218,2293,2,25.9
2218,2294,2,157.7
2220,2292,2,14.0
2220,2587,2,70.8
2220,2607,2,41.7
2221,2290,2,158.5
2221,2291,2,98.8
2222,2290,2,40.3
2223,2289,2,62.0
2224,2287,2,96.1
2225,2286,2,18.1
2226,2285,2,53.3
2227,2284,2,44.9
2228,2283,2,19.7
2229,2282,2,63.9
2229,2346,2,103.7
2229,6100,2,110.6
2230,2280,2,161.5
2230,2281,2,25.9
2231,2280,2,93.6
2232,2279,2,28.3
2233,2277,2,73.7
2233,2278,2,91.4
2233,8303,2,147.6
2234,2277,2,143.0
2234,8303,2,92.0
2235,2276,2,95.6
2235,2502,2,147.7
2236,2275,2,25.2
2237,2273,2,36.5
2238,2272,2,52.5
2239,2271,2,121.4
2240,2271,2,133.5
2241,7019,2,78.1
2241,7030,2,59.9
2242,2243,2,137.5
2243,2242,2,137.5
2244,411,2,96.1
2245,380,2,61.4
2246,233,2,51.3
2246,1919,2,93.1
2246,1920,2,56.4
2246,5365,2,141.9
2249,2250,2,148.6
2250,2249,2,148.6
2251,1785,2,45.0
2251,1830,2,117.5
2251,2252,2,145.8
2252,1830,2,49.4
2252,2251,2,145.8
2253,2254,2,137.1
2254,519,2,131.6
2254,1711,2,159.8
2254,2253,2,137.1
2256,521,2,116.2
2256,1718,2,161.6
2256,2257,2,149.9
2257,521,2,42.9
2257,2256,2,149.9
2257,2258,2,142.1
2258,2257,2,142.1
2258,2259,2,144.1
2259,2258,2,144.1
2260,1784,2,147.1
2260,1831,2,111.7
2261,1784,2,86.0
2262,2263,2,139.8
2263,2262,2,139.8
2271,2239,2,121.4
2271,2240,2,133.5
2272,2238,2,52.5
2273,2237,2,36.5
2275,2236,2,25.2
2276,2235,2,95.6
2277,2233,2,73.7
2277,2234,2,143.0
2277,2278,2,159.7
2277,8303,2,74.1
2278,2233,2,91.4
2278,2277,2,159.7
2279,2232,2,28.3
2280,2230,2,161.5
2280,2231,2,93.6
2281,2230,2,25.9
2282,2229,2,63.9
2282,2346,2,79.4
2282,6100,2,127.4
2283,2228,2,19.7
2284,2227,2,44.9
2285,2226,2,53.3
2286,2225,2,18.1
2287,2224,2,96.1
2288,6107,2,59.2
2288,7021,2,50.5
2288,7028,2,154.2
2289,2223,2,62.0
2290,2221,2,158.5
2290,2222,2,40.3
2291,2221,2,98.8
2292,2220,2,14.0
2292,2587,2,62.0
2292,2607,2,53.0
2293,2218,2,25.9
2294,2218,2,157.7
2295,2217,2,139.0
2295,2670,2,133.5
2295,2671,2,38.9
2295,2704,2,100.3
2296,2216,2,81.7
2297,2215,2,10.5
2298,1851,2,84.1
2298,1892,2,97.7
2298,2213,2,114.0
2299,2212,2,8.2
2300,2211,2,34.3
2301,2209,2,29.7
2301,2210,2,138.3
2302,1607,2,86.8
2302,2207,2,35.6
2302,2208,2,117.5
2302,2303,2,128.0
2302,3137,2,101.4
2303,1607,2,66.3
2303,2207,2,97.2
2303,2302,2,128.0
2303,3137,2,52.5
2304,2200,2,48.9
2305,2205,2,134.0
2305,2206,2,70.9
2305,2306,2,149.5
2306,2205,2,19.1
2306,2305,2,149.5
2307,2204,2,27.8
2308,2203,2,12.5
2309,2201,2,122.2
2309,2202,2,104.2
2309,8042,2,80.8
2309,8043,2,156.7
2309,8050,2,160.9
2311,3130,2,131.4
2312,2374,2,139.3
2313,2373,2,100.3
2314,2371,2,24.8
2317,2368,2,75.9
2318,2366,2,45.8
2319,2364,2,76.2
2320,2364,2,152.3
2321,2363,2,68.5
2322,2362,2,65.3
2323,2361,2,64.3
2324,2360,2,75.1
2325,2359,2,32.5
2326,471,2,143.6
2326,472,2,152.0
2326,511,2,150.4
2326,513,2,112.9
2326,2358,2,48.0
2328,1014,2,117.7
2328,2186,2,148.7
2328,4150,2,122.5
2329,2185,2,80.5
2330,2184,2,50.9
2331,465,2,55.6
2331,1029,2,61.0
2331,2357,2,98.4
2332,2355,2,139.9
2332,2356,2,19.5
2333,2355,2,74.7
2334,2354,2,30.7
2335,1352,2,60.8
2335,2353,2,22.4
2337,2352,2,147.4
2337,5313,2,112.5
2338,2351,2,96.8
2339,2350,2,63.5
2341,2348,2,41.2
2342,2347,2,26.1
2346,2229,2,103.7
2346,2282,2,79.4
2346,6100,2,73.0
2347,2342,2,26.1
2348,2341,2,41.2
2350,2339,2,63.5
2351,2338,2,96.8
2352,2337,2,147.4
2353,1352,2,72.5
2353,2335,2,22.4
2354,2334,2,30.7
2355,2332,2,139.9
2355,2333,2,74.7
2355,2356,2,132.6
2356,2332,2,19.5
2356,2355,2,132.6
2357,465,2,69.7
2357,1029,2,67.3
2357,2331,2,98.4
2358,472,2,105.3
2358,511,2,108.9
2358,513,2,123.4
2358,2326,2,48.0
2359,2325,2,32.5
2360,2324,2,75.1
2361,2323,2,64.3
2362,2322,2,65.3
2363,2321,2,68.5
2364,2319,2,76.2
2364,2320,2,152.3
2366,2318,2,45.8
2368,2317,2,75.9
2371,2314,2,24.8
2372,2031,2,102.3
2372,2597,2,119.4
2373,2313,2,100.3
2374,2312,2,139.3
2375,2410,2,28.6
2376,2408,2,112.9
2376,2409,2,109.2
2377,2407,2,122.0
2377,2408,2,159.6
2378,2405,2,155.7
2379,2405,2,90.3
2381,2403,2,24.8
2382,2402,2,12.7
2383,2400,2,40.7
2383,2401,2,71.0
2385,2399,2,47.0
2399,2385,2,47.0
2400,2383,2,40.7
2400,2401,2,110.6
2401,2383,2,71.0
2401,2400,2,110.6
2402,2382,2,12.7
2403,2381,2,24.8
2405,2378,2,155.7
2405,2379,2,90.3
2407,2377,2,122.0
2408,2376,2,112.9
2408,2377,2,159.6
2409,2376,2,109.2
2410,2375,2,28.6
2425,7020,2,9.4
2425,7029,2,120.8
2469,483,2,95.0
2469,500,2,75.6
2501,5353,2,159.3
2502,2235,2,147.7
2502,3214,2,89.6
2504,3217,2,35.8
2506,2578,2,75.7
2506,2620,2,64.1
2506,3210,2,28.1
2507,3209,2,60.1
2543,486,2,97.5
2543,497,2,106.5
2569,236,2,122.5
2569,1916,2,90.9
2569,2627,2,158.0
2569,2628,2,22.7
2570,2626,2,134.6
2571,2626,2,57.6
2572,2624,2,94.2
2573,2623,2,16.0
2574,2575,2,141.8
2574,2622,2,140.5
2575,2574,2,141.8
2575,2576,2,115.7
2575,2622,2,20.2
2576,2575,2,115.7
2576,2577,2,136.7
2576,2621,2,81.1
2576,2622,2,119.8
2577,2576,2,136.7
2577,2620,2,137.8
2577,2621,2,61.6
2578,2506,2,75.7
2578,2619,2,124.2
2578,2620,2,109.2
2578,3210,2,96.2
2579,2618,2,52.3
2580,2616,2,117.0
2580,2617,2,78.5
2581,601,2,42.6
2581,2616,2,102.1
2582,2615,2,44.7
2583,2614,2,40.4
2584,2613,2,53.0
2585,2609,2,157.1
2586,2608,2,34.3
2587,2220,2,70.8
2587,2292,2,62.0
2587,2607,2,83.4
2588,2606,2,17.9
2589,2605,2,43.0
2590,2604,2,55.8
2591,2603,2,28.3
2592,2602,2,26.8
2593,2601,2,89.0
2594,2600,2,81.3
2595,2599,2,66.2
2596,2598,2,102.8
2597,2031,2,151.8
2597,2372,2,119.4
2598,2596,2,102.8
2599,2595,2,66.2
2600,2594,2,81.3
2601,2593,2,89.0
2602,2592,2,26.8
2603,2591,2,28.3
2604,2590,2,55.8
2605,2589,2,43.0
2606,2588,2,17.9
2607,2220,2,41.7
2607,2292,2,53.0
2607,2587,2,83.4
2608,2586,2,34.3
2609,2585,2,157.1
2610,1935,2,75.6
2610,8306,2,158.5
2611,1934,2,13.4
2612,1908,2,148.1
2612,1933,2,26.2
2613,2584,2,53.0
2614,2583,2,40.4
2615,2582,2,44.7
2616,601,2,68.7
2616,2580,2,117.0
2616,2581,2,102.1
2617,2580,2,78.5
2618,2579,2,52.3
2619,2578,2,124.2
2620,2506,2,64.1
2620,2577,2,137.8
2620,2578,2,109.2
2620,3210,2,41.2
2621,2576,2,81.1
2621,2577,2,61.6
2622,2574,2,140.5
2622,2575,2,20.2
2622,2576,2,119.8
2623,2573,2,16.0
2624,2572,2,94.2
2624,2625,2,129.7
2625,2624,2,129.7
2626,2570,2,134.6
2626,2571,2,57.6
2627,2569,2,158.0
2628,236,2,122.4
2628,1916,2,78.8
2628,2569,2,22.7
2629,1790,2,117.8
2629,1825,2,145.9
2629,2634,2,153.6
2630,1915,2,75.0
2630,1927,2,69.2
2631,2655,2,21.5
2632,2656,2,26.7
2633,880,2,59.7
2634,1825,2,79.4
2634,2629,2,153.6
2635,309,2,161.2
2635,2636,2,156.6
2635,2653,2,151.6
2636,309,2,102.4
2636,2635,2,156.6
2636,2637,2,135.3
2637,1705,2,132.6
2637,1707,2,126.0
2637,2636,2,135.3
2638,1725,2,159.7
2638,2650,2,149.6
2638,5208,2,150.6
2639,345,2,159.6
2639,398,2,118.5
2639,5344,2,154.6
2642,2643,2,142.9
2642,2645,2,56.1
2643,1087,2,102.1
2643,2642,2,142.9
2643,2645,2,88.2
2644,1088,2,61.0
2645,2642,2,56.1
2645,2643,2,88.2
2646,1086,2,101.0
2648,344,2,115.8
2648,345,2,52.8
2648,398,2,116.6
2648,399,2,49.5
2650,1723,2,112.9
2650,2638,2,149.6
2651,1707,2,105.5
2653,2635,2,151.6
2654,1790,2,124.3
2654,1826,2,40.6
2655,2631,2,21.5
2656,2632,2,26.7
2657,2658,2,139.7
2657,2715,2,160.2
2657,8306,2,105.0
2658,2657,2,139.7
2658,2659,2,107.9
2658,2715,2,20.8
2659,2658,2,107.9
2659,2713,2,161.0
2659,2715,2,87.8
2660,2712,2,70.8
2660,2713,2,94.2
2662,2711,2,30.3
2664,2709,2,18.3
2664,2710,2,136.8
2665,2708,2,54.3
2666,2707,2,29.1
2667,2706,2,103.9
2670,2217,2,80.7
2670,2295,2,133.5
2670,2671,2,138.7
2670,2704,2,55.3
2671,2217,2,121.0
2671,2295,2,38.9
2671,2670,2,138.7
2671,2704,2,92.6
2672,2703,2,18.2
2675,2700,2,78.1
2676,2679,2,153.5
2676,2696,2,150.4
2676,2699,2,11.2
2678,2693,2,29.6
2679,2676,2,153.5
2679,2696,2,12.9
2679,2699,2,145.6
2680,2695,2,51.0
2681,2694,2,47.0
2682,2692,2,66.8
2692,2682,2,66.8
2693,2678,2,29.6
2694,2681,2,47.0
2695,2680,2,51.0
2696,2676,2,150.4
2696,2679,2,12.9
2696,2699,2,141.9
2699,2676,2,11.2
2699,2679,2,145.6
2699,2696,2,141.9
2700,2675,2,78.1
2703,2672,2,18.2
2704,2217,2,46.3
2704,2295,2,100.3
2704,2670,2,55.3
2704,2671,2,92.6
2706,2667,2,103.9
2707,2666,2,29.1
2708,2665,2,54.3
2709,2664,2,18.3
2709,2710,2,123.9
2710,2664,2,136.8
2710,2709,2,123.9
2711,2662,2,30.3
2712,2660,2,70.8
2713,2659,2,161.0
2713,2660,2,94.2
2715,2657,2,160.2
2715,2658,2,20.8
2715,2659,2,87.8
2719,2797,2,96.2
2722,2784,2,96.9
2722,3027,2,112.8
2723,2783,2,21.4
2724,2782,2,122.4
2726,2780,2,100.2
2727,2779,2,32.2
2728,2778,2,105.2
2729,2777,2,137.0
2730,2776,2,22.2
2731,2774,2,141.4
2731,2775,2,129.9
2732,2774,2,89.5
2733,2773,2,79.2
2734,2772,2,54.8
2735,2771,2,23.1
2736,2770,2,90.6
2737,2770,2,136.1
2739,2764,2,126.7
2739,7062,2,71.1
2741,2763,2,90.2
2742,2762,2,72.2
2743,2761,2,72.2
2744,2760,2,65.5
2745,2759,2,85.3
2749,2954,2,121.1
2749,3007,2,84.3
2750,2757,2,108.4
2750,7072,2,92.1
2751,2756,2,87.2
2752,378,2,139.0
2752,7058,2,131.3
2755,377,2,55.9
2755,378,2,62.8
2755,7058,2,51.6
2755,7073,2,56.9
2755,9817,2,89.2
2756,2751,2,87.2
2757,2750,2,108.4
2757,7059,2,107.2
2757,7072,2,24.1
2759,2745,2,85.3
2760,2744,2,65.5
2761,2743,2,72.2
2762,2742,2,72.2
2763,2741,2,90.2
2764,318,2,105.5
2764,319,2,79.8
2764,323,2,71.9
2764,336,2,110.6
2764,2739,2,126.7
2764,7062,2,80.8
2764,7069,2,47.9
2770,2736,2,90.6
2770,2737,2,136.1
2771,2735,2,23.1
2772,2734,2,54.8
2773,2733,2,79.2
2774,2731,2,141.4
2774,2732,2,89.5
2775,2731,2,129.9
2776,2730,2,22.2
2777,2729,2,137.0
2778,2728,2,105.2
2779,2727,2,32.2
2780,2726,2,100.2
2782,2724,2,122.4
2783,2723,2,21.4
2784,2722,2,96.9
2795,2935,2,47.6
2796,2934,2,37.8
2797,2719,2,96.2
2798,1207,2,142.8
2800,1206,2,147.2
2802,1204,2,115.1
2803,1203,2,111.3
2804,1202,2,87.0
2805,1201,2,100.7
2806,1200,2,68.1
2807,1187,2,110.0
2808,3713,2,43.8
2809,3712,2,107.0
2810,3711,2,82.4
2811,3710,2,82.5
2813,3708,2,129.6
2814,3707,2,33.9
2816,3793,2,158.5
2816,3794,2,79.4
2817,3793,2,97.6
2818,3792,2,34.8
2819,3785,2,47.0
2820,3791,2,23.4
2821,3790,2,42.3
2822,3789,2,122.8
2824,3788,2,36.8
2825,3787,2,113.4
2826,2846,2,39.9
2826,3860,2,88.0
2846,2826,2,39.9
2846,3860,2,56.4
2873,3872,2,75.1
2874,3871,2,36.3
2884,3870,2,41.0
2885,3869,2,154.2
2886,3867,2,127.9
2886,3868,2,140.7
2887,3866,2,142.6
2889,3864,2,21.7
2889,3865,2,153.7
2891,3862,2,32.4
2892,3861,2,30.1
2901,1308,2,92.0
2901,3348,2,109.3
2901,3367,2,86.0
2902,3972,2,88.9
2934,2796,2,37.8
2935,2795,2,47.6
2954,2749,2,121.1
2954,3006,2,115.9
2954,3007,2,37.1
2955,3005,2,56.8
2957,3004,2,91.2
2958,3003,2,65.2
2959,3002,2,113.0
2960,3001,2,55.0
2961,3000,2,18.3
2962,3087,2,44.8
2963,3086,2,93.3
2964,3085,2,45.9
2965,3084,2,48.5
2966,3082,2,112.1
2972,2996,2,16.7
2973,2995,2,32.1
2973,5326,2,155.5
2974,2994,2,49.5
2975,2993,2,39.0
2976,2992,2,52.1
2977,2991,2,54.4
2979,1541,2,52.1
2979,2990,2,53.0
2980,1543,2,135.8
2980,2989,2,70.5
2989,1543,2,103.1
2989,2980,2,70.5
2990,1541,2,104.4
2990,2979,2,53.0
2991,2977,2,54.4
2992,2976,2,52.1
2993,2975,2,39.0
2994,2974,2,49.5
2995,2973,2,32.1
2995,5326,2,138.1
2996,2972,2,16.7
3000,2961,2,18.3
3001,2960,2,55.0
3002,2959,2,113.0
3003,2958,2,65.2
3004,2957,2,91.2
3005,2955,2,56.8
3006,2954,2,115.9
3006,3007,2,142.7
3007,2749,2,84.3
3007,2954,2,37.1
3007,3006,2,142.7
3027,2722,2,112.8
3049,3102,2,36.6
3052,3124,2,98.3
3054,3123,2,52.8
3055,3122,2,61.5
3056,3121,2,136.7
3057,3119,2,94.9
3059,3116,2,60.3
3060,1396,2,98.4
3061,3113,2,110.8
3062,3112,2,79.8
3063,3769,2,87.9
3064,3109,2,134.2
3065,3109,2,121.7
3066,3108,2,47.0
3067,3106,2,125.8
3067,3107,2,111.5
3069,3103,2,57.5
3070,3100,2,155.3
3070,3101,2,105.2
3071,3100,2,148.6
3072,3099,2,100.2
3073,3098,2,36.6
3074,630,2,127.6
3074,1518,2,60.1
3075,3096,2,40.7
3076,1421,2,95.7
3076,3095,2,120.9
3077,3094,2,29.6
3078,1247,2,71.2
3078,1271,2,74.7
3078,3092,2,107.0
3079,3091,2,75.6
3080,1380,2,76.0
3080,1464,2,80.6
3080,3090,2,108.6
3081,1109,2,98.3
3081,1155,2,87.2
3082,2966,2,112.1
3084,2965,2,48.5
3085,2964,2,45.9
3086,2963,2,93.3
3087,2962,2,44.8
3090,1380,2,64.4
3090,1464,2,83.4
3090,3080,2,108.6
3091,3079,2,75.6
3092,1247,2,94.9
3092,1271,2,84.4
3092,3078,2,107.0
3094,3077,2,29.6
3095,1421,2,80.8
3095,3076,2,120.9
3096,3075,2,40.7
3098,3073,2,36.6
3099,3072,2,100.2
3100,3070,2,155.3
3100,3071,2,148.6
3101,3070,2,105.2
3102,3049,2,36.6
3103,3069,2,57.5
3104,3503,2,59.0
3106,3067,2,125.8
3107,3067,2,111.5
3108,3066,2,47.0
3109,3064,2,134.2
3109,3065,2,121.7
3112,3062,2,79.8
3113,3061,2,110.8
3115,1396,2,143.8
3116,3059,2,60.3
3119,3057,2,94.9
3121,3056,2,136.7
3122,3055,2,61.5
3123,3054,2,52.8
3124,3052,2,98.3
3125,1285,2,95.9
3130,1613,2,132.7
3130,2311,2,131.4
3131,1612,2,83.0
3132,1860,2,102.5
3132,1884,2,148.9
3134,1610,2,91.0
3135,1609,2,63.3
3136,1608,2,79.0
3137,1607,2,82.8
3137,2207,2,65.9
3137,2302,2,101.4
3137,2303,2,52.5
3138,1606,2,95.4
3138,1954,2,155.1
3138,1964,2,109.2
3139,1605,2,67.0
3140,1604,2,125.5
3140,5205,2,86.9
3141,1603,2,15.5
3142,1602,2,81.5
3143,3144,2,161.9
3144,3143,2,161.9
3146,3259,2,32.9
3148,3257,2,23.9
3149,616,2,117.1
3149,1412,2,90.9
3149,3256,2,144.4
3150,3255,2,100.9
3151,3254,2,100.2
3152,3253,2,60.1
3153,3252,2,27.6
3154,3251,2,63.2
3155,3249,2,161.8
3155,3250,2,62.6
3156,3249,2,117.2
3157,3248,2,51.1
3158,3247,2,97.7
3158,8914,2,77.9
3158,8927,2,86.4
3159,3246,2,43.9
3161,3243,2,118.7
3161,3244,2,86.5
3163,3242,2,31.5
3164,3240,2,110.7
3164,3241,2,99.3
3165,3240,2,149.0
3166,3239,2,120.5
3167,3238,2,46.4
3179,1254,2,94.9
3179,1264,2,115.2
3181,1389,2,105.0
3181,1455,2,80.0
3181,3904,2,111.4
3182,3903,2,88.1
3183,3902,2,48.5
3184,3901,2,94.7
3185,1102,2,90.2
3185,1162,2,100.4
3189,3897,2,36.8
3190,1660,2,148.4
3190,1662,2,116.2
3190,3896,2,117.1
3191,3895,2,82.0
3192,3894,2,78.6
3193,3893,2,74.7
3209,2507,2,60.1
3210,2506,2,28.1
3210,2578,2,96.2
3210,2620,2,41.2
3214,2502,2,89.6
3217,2504,2,35.8
3222,3834,2,159.3
3223,3833,2,33.2
3224,3832,2,63.0
3225,3831,2,100.4
3225,5108,2,126.7
3225,6507,2,120.4
3226,3830,2,73.1
3228,3828,2,24.3
3237,4754,2,153.4
3238,3167,2,46.4
3239,3166,2,120.5
3240,699,2,142.9
3240,3164,2,110.7
3240,3165,2,149.0
3240,4703,2,125.0
3241,3164,2,99.3
3242,3163,2,31.5
3243,3161,2,118.7
3244,3161,2,86.5
3246,3159,2,43.9
3247,3158,2,97.7
3247,8914,2,85.3
3247,8927,2,87.1
3248,3157,2,51.1
3249,3155,2,161.8
3249,3156,2,117.2
3250,3155,2,62.6
3251,3154,2,63.2
3252,3153,2,27.6
3253,3152,2,60.1
3254,3151,2,100.2
3255,3150,2,100.9
3256,616,2,65.1
3256,1412,2,70.3
3256,3149,2,144.4
3257,3148,2,23.9
3259,3146,2,32.9
3301,1184,2,124.4
3327,1057,2,148.6
3327,1069,2,134.6
3327,1070,2,121.2
3328,3332,2,109.9
3328,3389,2,103.0
3329,3388,2,12.7
3330,3387,2,52.7
3331,3386,2,33.1
3332,3328,2,109.9
3332,3389,2,28.4
3333,3383,2,121.9
3334,3382,2,24.1
3335,3381,2,40.4
3335,4655,2,137.8
3336,3380,2,48.9
3338,3378,2,84.2
3339,3376,2,127.3
3339,3377,2,48.1
3340,3375,2,25.9
3341,3374,2,23.8
3342,3373,2,139.1
3343,3373,2,139.0
3344,3371,2,75.0
3344,4660,2,92.7
3345,3369,2,22.9
3346,3368,2,46.3
3348,1308,2,88.7
3348,2901,2,109.3
3348,3367,2,151.2
3349,649,2,135.1
3351,647,2,82.3
3352,645,2,159.5
3352,646,2,113.1
3353,644,2,44.4
3354,643,2,23.9
3356,641,2,31.4
3357,640,2,93.9
3357,1439,2,163.5
3367,1308,2,74.6
3367,2901,2,86.0
3367,3348,2,151.2
3368,3346,2,46.3
3369,3345,2,22.9
3371,3344,2,75.0
3371,4660,2,123.5
3373,3342,2,139.1
3373,3343,2,139.0
3374,3341,2,23.8
3375,3340,2,25.9
3376,753,2,148.3
3376,3339,2,127.3
3377,3339,2,48.1
3378,3338,2,84.2
3380,3336,2,48.9
3381,3335,2,40.4
3382,3334,2,24.1
3383,3333,2,121.9
3385,3706,2,111.5
3386,3331,2,33.1
3387,3330,2,52.7
3388,3329,2,12.7
3389,3328,2,103.0
3389,3332,2,28.4
3451,3464,2,22.3
3454,3480,2,40.0
3455,3479,2,27.7
3457,3465,2,125.3
3458,3475,2,130.7
3459,3474,2,140.8
3460,3472,2,92.7
3461,3471,2,101.6
3462,3470,2,113.4
3463,3468,2,71.3
3464,3451,2,22.3
3465,3457,2,125.3
3468,3463,2,71.3
3469,5243,2,73.4
3470,3462,2,113.4
3471,3461,2,101.6
3472,3460,2,92.7
3474,3459,2,140.8
3475,3458,2,130.7
3477,5359,2,89.8
3479,3455,2,27.7
3480,3454,2,40.0
3503,3104,2,59.0
3504,3510,2,80.2
3505,3509,2,146.4
3508,3520,2,73.8
3509,3505,2,146.4
3510,3504,2,80.2
3520,3508,2,73.8
3521,3552,2,72.7
3522,3551,2,27.4
3523,3550,2,125.3
3524,3550,2,114.1
3525,3549,2,34.5
3526,3548,2,30.8
3528,3547,2,91.4
3530,3545,2,32.8
3531,3544,2,92.3
3532,3543,2,29.2
3533,3541,2,25.1
3533,3542,2,136.3
3535,3557,2,34.8
3536,3556,2,24.9
3537,3555,2,20.9
3540,5346,2,18.0
3541,3533,2,25.1
3541,3542,2,156.8
3542,3533,2,136.3
3542,3541,2,156.8
3543,3532,2,29.2
3544,3531,2,92.3
3545,3530,2,32.8
3547,3528,2,91.4
3548,3526,2,30.8
3549,3525,2,34.5
3550,3523,2,125.3
3550,3524,2,114.1
3551,3522,2,27.4
3552,3521,2,72.7
3555,3537,2,20.9
3556,3536,2,24.9
3557,3535,2,34.8
3589,3628,2,126.1
3590,3627,2,111.7
3590,3628,2,81.5
3591,3626,2,58.1
3592,3625,2,76.2
3593,3624,2,79.2
3594,3623,2,28.4
3595,3622,2,43.8
3596,3621,2,130.3
3597,3620,2,140.9
3598,3619,2,36.9
3599,3618,2,55.2
3600,3617,2,131.5
3601,3616,2,62.9
3602,3615,2,70.3
3603,3614,2,143.4
3614,1355,2,154.9
3614,1356,2,123.2
3614,3603,2,143.4
3615,3602,2,70.3
3616,3601,2,62.9
3617,3600,2,131.5
3618,3599,2,55.2
3619,3598,2,36.9
3620,3597,2,140.9
3621,3596,2,130.3
3622,3595,2,43.8
3622,3623,2,149.8
3623,3594,2,28.4
3623,3622,2,149.8
3624,3593,2,79.2
3625,3592,2,76.2
3626,3591,2,58.1
3627,3590,2,111.7
3628,3589,2,126.1
3628,3590,2,81.5
3650,905,2,26.6
3651,903,2,63.0
3651,904,2,113.4
3652,900,2,89.3
3652,902,2,159.1
3652,922,2,90.8
3653,902,2,57.3
3654,901,2,25.4
3655,919,2,64.5
3655,3725,2,28.2
3655,5342,2,76.4
3656,3724,2,79.5
3657,3723,2,53.0
3706,3385,2,111.5
3707,2814,2,33.9
3708,2813,2,129.6
3710,2811,2,82.5
3711,2810,2,82.4
3712,2809,2,107.0
3713,2808,2,43.8
3717,1811,2,122.3
3718,1811,2,81.2
3719,1810,2,12.0
3720,1808,2,113.9
3720,1809,2,113.8
3721,1808,2,58.0
3722,1807,2,125.7
3722,1839,2,74.3
3722,1904,2,125.7
3723,3657,2,53.0
3724,3656,2,79.5
3725,919,2,82.9
3725,3655,2,28.2
3725,5312,2,163.0
3725,5342,2,84.1
3769,3063,2,87.9
3769,3957,2,77.7
3770,3956,2,87.1
3771,3955,2,16.1
3772,3954,2,20.0
3773,3953,2,148.0
3774,3951,2,150.4
3775,3950,2,48.8
3776,4007,2,34.0
3777,4006,2,160.6
3778,4005,2,133.8
3780,4003,2,114.0
3785,2819,2,47.0
3787,2825,2,113.4
3788,2824,2,36.8
3789,2822,2,122.8
3790,2821,2,42.3
3791,2820,2,23.4
3792,2818,2,34.8
3793,2816,2,158.5
3793,2817,2,97.6
3794,2816,2,79.4
3795,4215,2,153.0
3795,4216,2,82.7
3796,4215,2,147.3
3798,4217,2,58.4
3799,4214,2,11.5
3800,4211,2,148.7
3800,4213,2,29.3
3801,4211,2,66.7
3802,4210,2,68.5
3811,832,2,116.5
3813,4200,2,34.8
3827,2067,2,30.2
3827,2068,2,155.5
3828,3228,2,24.3
3830,3226,2,73.1
3831,3225,2,100.4
3832,3224,2,63.0
3833,3223,2,33.2
3834,3222,2,159.3
3836,3939,2,153.5
3845,837,2,93.1
3851,1399,2,25.0
3852,4210,2,144.3
3860,2826,2,88.0
3860,2846,2,56.4
3861,2892,2,30.1
3862,2891,2,32.4
3864,2889,2,21.7
3864,3865,2,146.5
3865,2889,2,153.7
3865,3864,2,146.5
3866,2887,2,142.6
3867,2886,2,127.9
3868,2886,2,140.7
3869,2885,2,154.2
3870,2884,2,41.0
3871,2874,2,36.3
3872,2873,2,75.1
3893,3193,2,74.7
3894,3192,2,78.6
3895,3191,2,82.0
3896,1660,2,131.4
3896,1662,2,119.8
3896,3190,2,117.1
3897,3189,2,36.8
3900,1102,2,129.7
3900,1162,2,112.3
3901,3184,2,94.7
3902,3183,2,48.5
3903,3182,2,88.1
3904,1389,2,99.2
3904,1455,2,57.7
3904,3181,2,111.4
3910,5100,2,98.6
3911,3942,2,17.0
3912,3941,2,73.7
3912,4017,2,122.1
3912,4020,2,102.2
3913,5107,2,82.8
3914,3939,2,73.2
3914,4094,2,148.8
3939,3836,2,153.5
3939,3914,2,73.2
3941,3912,2,73.7
3942,3911,2,17.0
3950,3775,2,48.8
3951,3774,2,150.4
3953,3773,2,148.0
3954,3772,2,20.0
3955,3771,2,16.1
3956,3770,2,87.1
3957,3769,2,77.7
3972,2902,2,88.9
3976,4702,2,119.9
3979,4706,2,30.4
3980,624,2,63.6
3980,1404,2,65.2
3980,4707,2,124.9
3981,4705,2,18.7
3982,4704,2,33.4
4003,3780,2,114.0
4005,3778,2,133.8
4006,3777,2,160.6
4007,3776,2,34.0
4015,4022,2,48.0
4016,4021,2,22.9
4017,3912,2,122.1
4017,4020,2,20.0
4019,286,2,139.5
4019,4439,2,149.8
4020,3912,2,102.2
4020,4017,2,20.0
4021,4016,2,22.9
4022,4015,2,48.0
4081,4094,2,133.2
4081,4443,2,83.0
4083,4092,2,17.7
4084,4091,2,15.2
4085,4090,2,23.6
4086,4089,2,20.5
4087,4088,2,76.9
4088,4087,2,76.9
4089,4086,2,20.5
4090,4085,2,23.6
4091,4084,2,15.2
4092,4083,2,17.7
4094,3914,2,148.8
4094,4081,2,133.2
4122,916,2,153.6
4122,917,2,52.8
4122,918,2,156.9
4124,915,2,24.5
4124,916,2,148.8
4134,478,2,163.2
4134,4146,2,80.3
4136,4144,2,63.9
4137,4143,2,86.6
4143,4137,2,86.6
4144,4136,2,63.9
4144,4145,2,138.2
4145,4144,2,138.2
4146,4134,2,80.3
4147,1017,2,47.1
4148,1016,2,52.7
4149,1014,2,95.6
4149,2186,2,116.4
4150,1013,2,139.1
4150,1014,2,107.3
4150,2186,2,78.5
4150,2328,2,122.5
4151,1012,2,76.9
4152,1011,2,72.6
4199,8001,2,88.9
4200,3813,2,34.8
4210,3802,2,68.5
4210,3852,2,144.3
4211,3800,2,148.7
4211,3801,2,66.7
4213,3800,2,29.3
4214,3799,2,11.5
4215,3795,2,153.0
4215,3796,2,147.3
4216,3795,2,82.7
4217,3798,2,58.4
4248,173,2,21.0
4249,168,2,38.4
4250,172,2,154.2
4250,504,2,76.0
4251,171,2,55.8
4252,170,2,47.0
4253,169,2,40.0
4255,167,2,48.6
4256,166,2,45.9
4257,165,2,72.2
4258,163,2,138.0
4258,164,2,57.0
4259,163,2,108.5
4261,161,2,21.3
4262,4367,2,65.1
4262,4394,2,69.1
4263,160,2,133.6
4264,158,2,129.3
4264,159,2,80.1
4265,158,2,83.2
4266,157,2,107.3
4266,2180,2,119.8
4268,264,2,61.8
4360,5240,2,31.7
4361,4399,2,75.4
4362,4391,2,40.7
4362,5240,2,147.4
4363,4398,2,40.3
4364,4397,2,94.6
4365,4396,2,45.4
4366,4395,2,66.6
4367,4262,2,65.1
4367,4394,2,19.0
4368,5354,2,78.5
4370,7057,2,132.9
4379,6105,2,114.4
4382,4387,2,108.5
4382,85102,2,108.0
4382,85136,2,20.6
4383,4386,2,135.7
4383,85101,2,134.6
4383,85137,2,12.0
4385,85100,2,2.3
4385,85138,2,158.6
4385,85349,2,124.2
4385,85377,2,142.6
4386,4383,2,135.7
4386,85101,2,2.0
4386,85137,2,141.7
4387,4382,2,108.5
4387,85102,2,1.7
4387,85136,2,128.2
4391,4362,2,40.7
4394,4262,2,69.1
4394,4367,2,19.0
4395,4366,2,66.6
4396,4365,2,45.4
4397,4364,2,94.6
4398,4363,2,40.3
4399,4361,2,75.4
4414,4415,2,117.5
4415,4414,2,117.5
4439,4019,2,149.8
4441,242,2,150.8
4443,4081,2,83.0
4604,1196,2,127.0
4604,1310,2,99.1
4604,4661,2,41.0
4618,5369,2,25.3
4619,875,2,123.1
4655,3335,2,137.8
4660,3344,2,92.7
4660,3371,2,123.5
4661,1196,2,88.0
4661,1310,2,87.5
4661,4604,2,41.0
4702,3976,2,119.9
4703,699,2,120.2
4703,3240,2,125.0
4704,3982,2,33.4
4705,3981,2,18.7
4706,3979,2,30.4
4707,624,2,81.4
4707,1404,2,79.7
4707,3980,2,124.9
4708,4753,2,96.6
4709,8910,2,107.2
4709,8929,2,133.2
4710,8913,2,95.8
4712,1619,2,66.0
4720,4745,2,135.2
4721,4742,2,37.5
4742,4721,2,37.5
4745,4720,2,135.2
4750,4751,2,98.5
4751,4750,2,98.5
4753,4708,2,96.6
4754,3237,2,153.4
4763,113,2,154.0
4777,4778,2,27.1
4778,4777,2,27.1
4810,2181,2,66.3
4811,2183,2,111.4
4840,5368,2,63.8
4863,661,2,102.3
4863,682,2,101.5
4866,810,2,88.3
5072,5341,2,55.1
5072,7052,2,126.4
5072,7079,2,38.1
5100,3910,2,98.6
5102,5112,2,71.2
5103,5111,2,38.6
5104,5110,2,91.2
5105,5109,2,98.6
5107,3913,2,82.8
5108,3225,2,126.7
5108,6507,2,131.1
5109,5105,2,98.6
5110,5104,2,91.2
5111,5103,2,38.6
5112,5102,2,71.2
5200,7024,2,91.1
5200,7025,2,30.7
5203,7023,2,89.8
5203,7026,2,41.8
5205,1604,2,78.1
5205,3140,2,86.9
5207,297,2,120.1
5207,446,2,134.3
5208,1725,2,94.8
5208,2638,2,150.6
5209,5338,2,25.9
5225,609,2,129.3
5226,7057,2,46.9
5226,7074,2,104.9
5226,9816,2,144.0
5239,5272,2,105.2
5240,4360,2,31.7
5240,4362,2,147.4
5242,686,2,13.2
5242,1400,2,83.2
5243,3469,2,73.4
5245,5347,2,19.7
5247,606,2,145.9
5247,608,2,75.7
5249,5250,2,23.9
5250,5249,2,23.9
5256,5260,2,66.4
5257,1133,2,60.1
5260,5256,2,66.4
5271,1635,2,50.7
5272,5239,2,105.2
5305,410,2,51.8
5305,668,2,39.9
5312,918,2,64.4
5312,919,2,135.2
5312,3725,2,163.0
5312,5342,2,102.5
5313,2337,2,112.5
5315,790,2,146.9
5315,5316,2,45.9
5316,5315,2,45.9
5317,790,2,127.0
5317,5318,2,48.0
5318,5317,2,48.0
5319,5320,2,33.5
5320,5319,2,33.5
5322,5323,2,41.4
5323,5322,2,41.4
5324,5325,2,9.1
5325,5324,2,9.1
5326,2973,2,155.5
5326,2995,2,138.1
5326,5327,2,92.9
5327,5326,2,92.9
5328,537,2,138.1
5329,8925,2,95.9
5330,1943,2,14.7
5331,5332,2,58.7
5332,5331,2,58.7
5333,5334,2,23.5
5334,5333,2,23.5
5335,5336,2,69.7
5336,5335,2,69.7
5338,5209,2,25.9
5339,5340,2,36.3
5340,5339,2,36.3
5341,5072,2,55.1
5341,7052,2,144.2
5341,7079,2,33.8
5342,919,2,33.9
5342,3655,2,76.4
5342,3725,2,84.1
5342,5312,2,102.5
5344,345,2,158.8
5344,2639,2,154.6
5345,5348,2,139.6
5346,3540,2,18.0
5347,5245,2,19.7
5348,5345,2,139.6
5349,931,2,113.9
5351,649,2,145.9
5353,2501,2,159.3
5354,4368,2,78.5
5359,3477,2,89.8
5361,5364,2,70.2
5362,1497,2,83.0
5363,1193,2,82.6
5364,5361,2,70.2
5365,2246,2,141.9
5368,4840,2,63.8
5369,4618,2,25.3
6100,2229,2,110.6
6100,2282,2,127.4
6100,2346,2,73.0
6101,997,2,104.5
6101,1036,2,89.1
6105,4379,2,114.4
6107,2288,2,59.2
6107,7021,2,46.6
6107,7028,2,152.9
6507,3225,2,120.4
6507,5108,2,131.1
6508,494,2,91.3
7000,7049,2,109.8
7000,9801,2,140.4
7000,9903,2,76.9
7001,7048,2,109.4
7002,7047,2,128.0
7003,241,2,102.6
7003,7046,2,103.7
7004,7045,2,10.5
7005,7044,2,107.4
7006,1096,2,16.9
7006,1167,2,89.6
7006,7043,2,82.0
7007,284,2,103.8
7007,7042,2,104.6
7007,9807,2,55.8
7008,7041,2,107.9
7009,408,2,154.3
7009,628,2,38.3
7009,1134,2,54.1
7009,7040,2,101.3
7010,1136,2,65.1
7010,7039,2,105.8
7011,417,2,125.2
7011,526,2,151.3
7011,7038,2,161.3
7013,225,2,84.5
7013,328,2,139.0
7013,7036,2,129.7
7014,226,2,121.3
7014,325,2,112.4
7014,326,2,39.0
7014,7035,2,58.7
7015,1837,2,138.5
7015,7034,2,41.5
7016,112,2,81.3
7016,7033,2,83.6
7017,971,2,135.2
7017,1063,2,43.7
7017,1782,2,84.6
7017,7032,2,101.6
7018,232,2,149.0
7018,7031,2,113.0
7019,2241,2,78.1
7019,7030,2,115.5
7020,2425,2,9.4
7020,7029,2,114.6
7021,2288,2,50.5
7021,6107,2,46.6
7021,7028,2,112.2
7022,7027,2,115.2
7023,5203,2,89.8
7023,7026,2,114.5
7024,5200,2,91.1
7024,7025,2,115.5
7025,5200,2,30.7
7025,7024,2,115.5
7026,5203,2,41.8
7026,7023,2,114.5
7027,7022,2,115.2
7028,2288,2,154.2
7028,6107,2,152.9
7028,7021,2,112.2
7029,2425,2,120.8
7029,7020,2,114.6
7030,2241,2,59.9
7030,7019,2,115.5
7031,232,2,52.0
7031,1920,2,158.7
7031,1921,2,55.1
7031,7018,2,113.0
7032,971,2,45.8
7032,1063,2,129.2
7032,1782,2,153.5
7032,7017,2,101.6
7033,112,2,130.5
7033,7016,2,83.6
7034,1837,2,141.0
7034,7015,2,41.5
7035,121,2,129.7
7035,325,2,118.5
7035,326,2,47.2
7035,1838,2,151.7
7035,7014,2,58.7
7036,225,2,134.9
7036,327,2,90.6
7036,328,2,78.3
7036,7013,2,129.7
7037,118,2,37.7
7037,329,2,149.4
7037,416,2,142.2
7037,528,2,129.9
7037,7091,2,138.6
7038,418,2,139.8
7038,7011,2,161.3
7039,1065,2,116.8
7039,1135,2,75.3
7039,1136,2,133.6
7039,7010,2,105.8
7040,628,2,118.2
7040,1134,2,153.1
7040,7009,2,101.3
7041,7008,2,107.9
7042,284,2,148.1
7042,7007,2,104.6
7042,9807,2,50.0
7043,1096,2,74.1
7043,1166,2,120.6
7043,7006,2,82.0
7044,7005,2,107.4
7045,7004,2,10.5
7046,241,2,18.3
7046,7003,2,103.7
7047,7002,2,128.0
7048,7001,2,109.4
7049,7000,2,109.8
7049,9800,2,63.4
7049,9801,2,32.3
7049,9903,2,34.4
7050,7081,2,70.0
7051,7080,2,103.4
7051,9811,2,134.1
7051,9812,2,36.9
7052,5072,2,126.4
7052,5341,2,144.2
7052,7079,2,112.4
7053,7078,2,109.5
7054,7077,2,109.6
7055,288,2,107.4
7055,290,2,106.7
7055,291,2,83.7
7055,307,2,120.8
7055,316,2,89.4
7055,7076,2,96.5
7056,7075,2,116.2
7057,4370,2,132.9
7057,5226,2,46.9
7057,7074,2,106.0
7057,9816,2,149.0
7058,377,2,39.4
7058,378,2,19.8
7058,2752,2,131.3
7058,2755,2,51.6
7058,7073,2,104.9
7058,9817,2,70.3
7059,2757,2,107.2
7059,7072,2,125.8
7060,7071,2,108.0
7061,7070,2,107.3
7061,9920,2,31.1
7062,318,2,131.8
7062,319,2,110.5
7062,323,2,128.6
7062,336,2,155.9
7062,2739,2,71.1
7062,2764,2,80.8
7062,7069,2,112.1
7063,658,2,42.1
7063,7068,2,121.5
7064,7067,2,120.5
7065,7066,2,120.1
7066,7065,2,120.1
7067,7064,2,120.5
7068,658,2,153.7
7068,7063,2,121.5
7069,318,2,68.4
7069,319,2,46.7
7069,323,2,24.5
7069,336,2,64.2
7069,2764,2,47.9
7069,7062,2,112.1
7070,7061,2,107.3
7070,9920,2,137.9
7071,7060,2,108.0
7072,2750,2,92.1
7072,2757,2,24.1
7072,7059,2,125.8
7073,377,2,91.0
7073,378,2,110.2
7073,2755,2,56.9
7073,7058,2,104.9
7073,9817,2,112.7
7074,5226,2,104.9
7074,7057,2,106.0
7074,9816,2,43.0
7075,7056,2,116.2
7076,288,2,33.1
7076,290,2,48.0
7076,291,2,50.5
7076,307,2,60.1
7076,316,2,63.9
7076,7055,2,96.5
7077,7054,2,109.6
7078,7053,2,109.5
7079,5072,2,38.1
7079,5341,2,33.8
7079,7052,2,112.4
7080,1790,2,125.7
7080,7051,2,103.4
7080,9811,2,57.7
7080,9812,2,128.9
7081,7050,2,70.0
7082,7089,2,112.6
7083,7088,2,115.0
7083,11110,2,84.8
7084,7087,2,114.3
7084,11163,2,144.1
7085,7086,2,112.5
7085,11159,2,65.2
7086,7085,2,112.5
7086,11159,2,84.1
7087,7084,2,114.3
7087,11163,2,55.2
7088,7083,2,115.0
7088,11110,2,34.6
7089,7082,2,112.6
7090,222,2,92.8
7090,223,2,86.8
7090,330,2,136.2
7090,7095,2,144.8
7091,329,2,46.7
7091,415,2,76.9
7091,7037,2,138.6
7092,282,2,27.8
7092,7093,2,112.9
7093,282,2,85.1
7093,7092,2,112.9
7094,605,2,19.9
7094,7096,2,30.2
7095,222,2,135.1
7095,330,2,85.9
7095,331,2,75.4
7095,7090,2,144.8
7096,605,2,28.7
7096,7094,2,30.2
7097,885,2,112.1
7097,887,2,90.4
7097,906,2,65.6
7097,7098,2,111.0
7098,885,2,37.5
7098,887,2,60.0
7098,906,2,86.6
7098,7097,2,111.0
7101,7102,2,108.5
7102,7101,2,108.5
7103,7104,2,108.1
7104,7103,2,108.1
8001,4199,2,88.9
8002,8007,2,101.6
8003,869,2,119.3
8003,8006,2,128.3
8004,664,2,51.3
8005,795,2,123.0
8006,869,2,30.7
8006,8003,2,128.3
8007,8002,2,101.6
8037,8054,2,24.3
8038,8039,2,11.4
8039,8038,2,11.4
8040,8052,2,49.7
8041,8051,2,29.9
8042,2202,2,92.8
8042,2309,2,80.8
8042,8050,2,86.4
8043,2202,2,147.3
8043,2309,2,156.7
8043,8049,2,31.4
8045,886,2,48.3
8049,8043,2,31.4
8050,2309,2,160.9
8050,8042,2,86.4
8051,8041,2,29.9
8052,8040,2,49.7
8054,8037,2,24.3
8302,8315,2,14.3
8303,2233,2,147.6
8303,2234,2,92.0
8303,2277,2,74.1
8305,8317,2,98.1
8306,2610,2,158.5
8306,2657,2,105.0
8315,8302,2,14.3
8317,8305,2,98.1
8910,4709,2,107.2
8912,8928,2,143.5
8913,4710,2,95.8
8914,3158,2,77.9
8914,3247,2,85.3
8914,8927,2,137.0
8915,8925,2,117.4
8917,8924,2,82.3
8918,8923,2,69.8
8919,618,2,102.1
8919,1410,2,112.4
8920,8921,2,26.6
8921,8920,2,26.6
8922,1410,2,155.5
8923,8918,2,69.8
8924,8917,2,82.3
8925,5329,2,95.9
8925,8915,2,117.4
8927,3158,2,86.4
8927,3247,2,87.1
8927,8914,2,137.0
8928,8912,2,143.5
8929,4709,2,133.2
8958,8959,2,30.0
8959,8958,2,30.0
9800,7049,2,63.4
9800,9801,2,31.4
9800,9903,2,94.8
9801,7000,2,140.4
9801,7049,2,32.3
9801,9800,2,31.4
9801,9903,2,63.6
9807,284,2,111.2
9807,7007,2,55.8
9807,7042,2,50.0
9811,7051,2,134.1
9811,7080,2,57.7
9811,9812,2,146.7
9812,7051,2,36.9
9812,7080,2,128.9
9812,9811,2,146.7
9816,5226,2,144.0
9816,7057,2,149.0
9816,7074,2,43.0
9817,377,2,35.2
9817,378,2,52.6
9817,2755,2,89.2
9817,7058,2,70.3
9817,7073,2,112.7
9903,7000,2,76.9
9903,7049,2,34.4
9903,9800,2,94.8
9903,9801,2,63.6
9920,7061,2,31.1
9920,7070,2,137.9
9922,1418,2,63.3
9928,1432,2,87.0
9933,1576,2,111.8
9939,674,2,29.1
11010,11071,2,158.4
11010,11102,2,37.4
11035,11125,2,143.4
11039,11139,2,68.7
11040,11138,2,71.9
11042,11104,2,144.9
11042,11184,2,63.3
11043,11212,2,24.4
11045,11130,2,56.2
11046,11129,2,18.7
11071,11010,2,158.4
11071,11201,2,28.4
11084,11085,2,94.9
11085,11084,2,94.9
11094,11197,2,49.7
11095,11196,2,39.4
11096,11194,2,26.7
11097,11193,2,145.3
11098,11193,2,132.1
11099,11190,2,117.2
11101,11189,2,32.8
11102,11010,2,37.4
11104,11042,2,144.9
11104,11136,2,44.5
11104,11184,2,128.5
11105,11131,2,131.8
11107,11128,2,17.4
11108,11134,2,48.2
11110,7083,2,84.8
11110,7088,2,34.6
11114,11121,2,39.4
11117,11118,2,131.5
11118,11117,2,131.5
11120,11221,2,160.9
11121,11114,2,39.4
11125,11035,2,143.4
11125,11172,2,142.3
11127,11133,2,112.8
11128,11107,2,17.4
11129,11046,2,18.7
11130,11045,2,56.2
11131,11105,2,131.8
11133,11127,2,112.8
11134,11108,2,48.2
11136,11104,2,44.5
11136,11184,2,151.1
11138,11040,2,71.9
11139,11039,2,68.7
11143,11204,2,46.2
11159,7085,2,65.2
11159,7086,2,84.1
11161,11162,2,44.1
11161,11206,2,132.3
11162,11161,2,44.1
11163,7084,2,144.1
11163,7087,2,55.2
11167,11188,2,94.1
11168,11187,2,52.5
11169,11186,2,19.4
11170,11185,2,24.0
11171,11213,2,128.4
11172,11125,2,142.3
11172,11182,2,76.7
11173,11181,2,113.4
11174,11180,2,77.5
11175,11179,2,32.2
11179,11175,2,32.2
11180,11174,2,77.5
11181,11173,2,113.4
11182,11172,2,76.7
11184,11042,2,63.3
11184,11104,2,128.5
11184,11136,2,151.1
11185,11170,2,24.0
11186,11169,2,19.4
11187,11168,2,52.5
11188,11167,2,94.1
11189,11101,2,32.8
11190,11099,2,117.2
11193,11097,2,145.3
11193,11098,2,132.1
11194,11096,2,26.7
11196,11095,2,39.4
11197,11094,2,49.7
11201,11071,2,28.4
11202,11206,2,40.2
11204,11143,2,46.2
11206,11161,2,132.3
11206,11202,2,40.2
11212,11043,2,24.4
11213,11171,2,128.4
11216,11219,2,114.5
11219,11216,2,114.5
11221,11120,2,160.9
85092,85146,2,56.5
85095,85142,2,119.1
85096,85141,2,49.6
85097,85140,2,116.1
85099,85139,2,68.7
85100,4385,2,2.3
85100,85138,2,160.7
85100,85349,2,124.5
85100,85377,2,143.5
85101,4383,2,134.6
85101,4386,2,2.0
85101,85137,2,140.4
85102,4382,2,108.0
85102,4387,2,1.7
85102,85136,2,127.8
85107,85131,2,152.9
85107,85132,2,123.3
85108,85131,2,149.8
85109,85130,2,106.6
85110,85129,2,160.5
85111,85129,2,157.0
85112,85128,2,58.0
85113,85127,2,61.8
85114,85126,2,126.0
85114,85460,2,136.8
85114,85734,2,40.2
85116,85125,2,77.3
85117,85124,2,72.8
85118,85123,2,67.2
85123,85118,2,67.2
85124,85117,2,72.8
85125,85116,2,77.3
85126,85114,2,126.0
85126,85460,2,39.6
85126,85734,2,99.1
85127,85113,2,61.8
85128,85112,2,58.0
85129,85110,2,160.5
85129,85111,2,157.0
85130,85109,2,106.6
85131,85107,2,152.9
85131,85108,2,149.8
85132,85107,2,123.3
85136,4382,2,20.6
85136,4387,2,128.2
85136,85102,2,127.8
85137,4383,2,12.0
85137,4386,2,141.7
85137,85101,2,140.4
85138,4385,2,158.6
85138,85100,2,160.7
85138,85349,2,142.8
85138,85377,2,114.7
85139,85099,2,68.7
85140,85097,2,116.1
85141,85096,2,49.6
85142,85095,2,119.1
85146,85092,2,56.5
85201,85207,2,62.1
85205,85409,2,162.5
85206,85207,2,140.6
85206,85237,2,148.8
85207,85201,2,62.1
85207,85206,2,140.6
85209,85245,2,62.3
85210,85244,2,134.2
85212,85327,2,34.0
85213,85326,2,34.9
85237,85206,2,148.8
85238,85575,2,47.7
85244,85210,2,134.2
85245,85209,2,62.3
85249,85250,2,131.6
85249,85288,2,137.0
85249,85289,2,22.3
85250,85249,2,131.6
85250,85288,2,21.7
85250,85289,2,135.9
85251,85287,2,21.7
85252,85286,2,22.2
85253,85285,2,21.9
85256,85369,2,121.5
85257,85280,2,163.0
85257,85281,2,22.1
85258,85280,2,77.5
85265,85621,2,136.3
85280,85257,2,163.0
85280,85258,2,77.5
85281,85257,2,22.1
85285,85253,2,21.9
85286,85252,2,22.2
85287,85251,2,21.7
85288,85249,2,137.0
85288,85250,2,21.7
85288,85289,2,137.8
85289,85249,2,22.3
85289,85250,2,135.9
85289,85288,2,137.8
85300,85330,2,108.3
85300,85396,2,125.2
85301,85329,2,141.8
85301,85330,2,110.0
85302,85329,2,145.6
85303,85328,2,133.1
85304,85325,2,25.5
85308,85321,2,22.3
85309,85320,2,24.7
85313,85314,2,154.7
85314,85313,2,154.7
85320,85309,2,24.7
85321,85308,2,22.3
85325,85304,2,25.5
85326,85213,2,34.9
85327,85212,2,34.0
85328,85303,2,133.1
85329,85301,2,141.8
85329,85302,2,145.6
85330,85300,2,108.3
85330,85301,2,110.0
85349,4385,2,124.2
85349,85100,2,124.5
85349,85138,2,142.8
85349,85377,2,38.9
85350,85376,2,115.2
85351,85375,2,124.3
85352,85375,2,105.9
85354,85374,2,120.4
85356,85373,2,74.2
85357,85372,2,48.3
85358,85371,2,42.0
85359,85369,2,142.4
85359,85370,2,22.0
85365,85735,2,31.9
85366,85736,2,44.2
85367,85720,2,36.2
85368,85737,2,21.8
85369,85256,2,121.5
85369,85359,2,142.4
85369,85370,2,133.5
85370,85359,2,22.0
85370,85369,2,133.5
85371,85358,2,42.0
85372,85357,2,48.3
85373,85356,2,74.2
85373,85568,2,142.0
85374,85354,2,120.4
85374,85452,2,134.5
85375,85351,2,124.3
85375,85352,2,105.9
85376,85350,2,115.2
85377,4385,2,142.6
85377,85100,2,143.5
85377,85138,2,114.7
85377,85349,2,38.9
85396,85300,2,125.2
85397,85413,2,97.9
85397,85414,2,129.5
85398,85411,2,103.8
85398,85412,2,95.3
85399,85411,2,158.0
85400,85409,2,116.2
85400,85410,2,86.2
85409,85205,2,162.5
85409,85400,2,116.2
85410,85400,2,86.2
85411,85398,2,103.8
85411,85399,2,158.0
85412,85398,2,95.3
85413,85397,2,97.9
85414,85397,2,129.5
85432,85737,2,162.6
85440,85453,2,45.7
85452,85374,2,134.5
85453,85440,2,45.7
85460,85114,2,136.8
85460,85126,2,39.6
85460,85734,2,120.1
85562,85569,2,60.2
85563,85568,2,45.1
85568,85373,2,142.0
85568,85563,2,45.1
85569,85562,2,60.2
85575,85238,2,47.7
85619,85641,2,91.3
85621,85265,2,136.3
85622,85638,2,34.6
85623,85637,2,124.4
85624,85635,2,152.0
85635,85624,2,152.0
85637,85623,2,124.4
85638,85622,2,34.6
85640,85741,2,86.8
85641,85619,2,91.3
85692,85731,2,94.2
85719,95719,2,0.0
85720,85367,2,36.2
85727,85745,2,77.3
85728,85729,2,26.1
85729,85728,2,26.1
85730,85740,2,115.7
85731,85692,2,94.2
85734,85114,2,40.2
85734,85126,2,99.1
85734,85460,2,120.1
85735,85365,2,31.9
85736,85366,2,44.2
85737,85368,2,21.8
85737,85432,2,162.6
85738,85739,2,23.5
85739,85738,2,23.5
85740,85730,2,115.7
85741,85640,2,86.8
85745,85727,2,77.3
95719,85719,2,0.0
